Source,Target
0,1
0,2
0,10
0,21
0,24
0,28
0,30
0,31
0,49
0,67
0,80
0,84
0,90
0,103
0,106
0,114
0,138
0,166
0,179
0,222
0,230
0,233
0,236
0,242
0,244
0,253
0,279
0,342
0,343
0,358
0,379
0,432
0,460
0,503
0,544
0,567
0,573
0,577
0,580
0,598
0,619
0,620
0,648
0,675
0,677
0,696
0,699
0,709
0,727
0,735
0,755
0,763
0,802
0,803
0,848
0,865
0,875
0,891
0,918
0,921
0,967
0,969
0,988
0,1001
0,1012
0,1072
0,1078
0,1080
0,1091
0,1094
0,1136
0,1155
0,1165
0,1239
0,1253
0,1255
0,1258
0,1289
0,1368
0,1376
0,1397
0,1409
0,1411
0,1455
0,1513
0,1536
0,1553
0,1600
0,1650
0,1694
0,1709
0,1723
0,1784
0,1797
0,1832
0,1846
0,1909
0,1928
0,1935
0,1963
0,1969
0,2024
0,2053
0,2054
0,2115
0,2117
0,2157
0,2160
0,2197
0,2215
0,2220
0,2234
0,2246
0,2256
0,2263
0,2284
0,2329
0,2347
0,2370
0,2381
0,2399
0,2467
0,2534
0,2538
0,2576
0,2603
0,2746
0,2835
0,2863
0,2872
0,2885
0,2902
0,2996
0,3008
0,3031
0,3032
0,3102
0,3107
0,3109
0,3248
0,3272
0,3278
0,3307
0,3322
0,3349
0,3361
0,3403
0,3408
0,3413
0,3431
0,3475
0,3495
0,3512
0,3549
0,3616
0,3701
0,3732
0,3785
0,3885
0,3901
0,4014
0,4015
0,4208
0,4241
0,4280
0,4374
0,4404
0,4407
0,4423
0,4444
0,4475
0,4585
0,4588
0,4594
0,4597
0,4657
0,4779
0,4809
0,4819
0,4885
0,4898
0,4952
0,4954
0,4957
1,2
1,3
1,4
1,5
1,10
1,13
1,16
1,21
1,23
1,35
1,50
1,52
1,61
1,68
1,78
1,82
1,104
1,112
1,113
1,117
1,119
1,145
1,173
1,190
1,200
1,214
1,226
1,231
1,256
1,259
1,263
1,284
1,291
1,292
1,294
1,311
1,322
1,328
1,332
1,347
1,352
1,363
1,364
1,399
1,416
1,427
1,448
1,456
1,479
1,491
1,502
1,540
1,556
1,593
1,607
1,623
1,679
1,739
1,761
1,768
1,791
1,806
1,931
1,1005
1,1011
1,1027
1,1043
1,1137
1,1141
1,1181
1,1195
1,1303
1,1306
1,1345
1,1358
1,1365
1,1432
1,1451
1,1495
1,1518
1,1579
1,1692
1,1716
1,1744
1,1748
1,1761
1,1770
1,1779
1,1785
1,1849
1,1856
1,1865
1,1919
1,1930
1,1948
1,2070
1,2203
1,2218
1,2393
1,2434
1,2448
1,2639
1,2725
1,2726
1,2760
1,2857
1,2871
1,2888
1,3002
1,3052
1,3084
1,3087
1,3157
1,3163
1,3204
1,3233
1,3286
1,3375
1,3500
1,3519
1,3524
1,3545
1,3557
1,3641
1,3667
1,3709
1,3755
1,3764
1,3792
1,3798
1,3847
1,3882
1,3902
1,3904
1,4090
1,4102
1,4125
1,4135
1,4140
1,4155
1,4218
1,4221
1,4235
1,4260
1,4298
1,4322
1,4449
1,4482
1,4621
1,4642
1,4646
1,4684
1,4714
1,4774
1,4778
1,4810
1,4889
1,4951
1,4984
2,3
2,4
2,13
2,16
2,19
2,20
2,27
2,30
2,32
2,34
2,35
2,38
2,44
2,45
2,57
2,61
2,66
2,70
2,75
2,94
2,102
2,117
2,141
2,149
2,152
2,154
2,161
2,162
2,167
2,214
2,226
2,231
2,250
2,262
2,289
2,299
2,300
2,310
2,324
2,331
2,363
2,366
2,372
2,381
2,392
2,398
2,399
2,414
2,421
2,432
2,442
2,446
2,482
2,524
2,541
2,569
2,577
2,628
2,704
2,757
2,763
2,776
2,783
2,794
2,808
2,836
2,837
2,839
2,868
2,871
2,872
2,930
2,940
2,991
2,1017
2,1025
2,1037
2,1117
2,1155
2,1181
2,1196
2,1210
2,1212
2,1217
2,1234
2,1240
2,1246
2,1249
2,1250
2,1293
2,1304
2,1310
2,1336
2,1369
2,1425
2,1450
2,1476
2,1486
2,1509
2,1519
2,1523
2,1552
2,1556
2,1577
2,1579
2,1587
2,1593
2,1615
2,1629
2,1665
2,1668
2,1669
2,1672
2,1721
2,1736
2,1755
2,1763
2,1768
2,1777
2,1835
2,1854
2,1879
2,1896
2,1908
2,1918
2,1962
2,2012
2,2024
2,2040
2,2126
2,2135
2,2180
2,2197
2,2212
2,2254
2,2265
2,2292
2,2299
2,2313
2,2369
2,2393
2,2482
2,2515
2,2560
2,2565
2,2585
2,2599
2,2609
2,2635
2,2658
2,2661
2,2669
2,2676
2,2679
2,2681
2,2736
2,2751
2,2768
2,2781
2,2789
2,2792
2,2914
2,2915
2,2948
2,2953
2,2967
2,3023
2,3073
2,3121
2,3132
2,3210
2,3271
2,3289
2,3387
2,3388
2,3397
2,3400
2,3422
2,3445
2,3518
2,3530
2,3548
2,3576
2,3594
2,3617
2,3619
2,3655
2,3742
2,3769
2,3805
2,3858
2,3899
2,3980
2,3993
2,4026
2,4063
2,4066
2,4203
2,4236
2,4267
2,4318
2,4372
2,4377
2,4440
2,4481
2,4530
2,4576
2,4616
2,4688
2,4764
2,4767
2,4774
2,4831
2,4864
2,4884
2,4915
2,4949
2,4961
2,4964
2,4974
2,4976
2,4985
3,5
3,6
3,7
3,8
3,9
3,15
3,18
3,36
3,37
3,40
3,46
3,48
3,50
3,59
3,64
3,82
3,104
3,118
3,139
3,140
3,150
3,181
3,213
3,245
3,269
3,281
3,296
3,298
3,306
3,326
3,337
3,352
3,359
3,375
3,386
3,412
3,436
3,439
3,445
3,451
3,478
3,489
3,496
3,502
3,536
3,550
3,561
3,592
3,597
3,607
3,643
3,644
3,666
3,669
3,722
3,725
3,728
3,747
3,753
3,761
3,775
3,780
3,790
3,816
3,835
3,839
3,843
3,844
3,858
3,874
3,888
3,896
3,945
3,946
3,975
3,995
3,1005
3,1049
3,1099
3,1139
3,1160
3,1166
3,1171
3,1192
3,1199
3,1226
3,1227
3,1266
3,1278
3,1288
3,1336
3,1349
3,1386
3,1395
3,1422
3,1428
3,1512
3,1567
3,1583
3,1584
3,1586
3,1587
3,1596
3,1598
3,1734
3,1764
3,1765
3,1803
3,1818
3,1824
3,1867
3,1971
3,1993
3,2004
3,2057
3,2082
3,2146
3,2262
3,2266
3,2273
3,2288
3,2343
3,2404
3,2409
3,2411
3,2419
3,2456
3,2505
3,2521
3,2524
3,2529
3,2535
3,2593
3,2646
3,2647
3,2649
3,2679
3,2753
3,2841
3,2903
3,2987
3,3006
3,3024
3,3038
3,3046
3,3068
3,3099
3,3147
3,3211
3,3212
3,3247
3,3334
3,3347
3,3419
3,3442
3,3483
3,3485
3,3491
3,3543
3,3576
3,3615
3,3665
3,3682
3,3683
3,3708
3,3728
3,3763
3,3764
3,3789
3,3807
3,3809
3,3827
3,3831
3,3856
3,3865
3,3937
3,3975
3,4050
3,4069
3,4114
3,4164
3,4169
3,4170
3,4207
3,4212
3,4221
3,4229
3,4246
3,4281
3,4305
3,4414
3,4442
3,4457
3,4495
3,4505
3,4509
3,4612
3,4619
3,4701
3,4735
3,4756
3,4772
3,4847
3,4875
3,4876
3,4917
3,4925
3,4956
4,19
4,20
4,94
4,97
4,134
4,149
4,154
4,206
4,241
4,317
4,377
4,469
4,646
4,680
4,766
4,913
4,962
4,1011
4,1122
4,1291
4,1365
4,1450
4,1509
4,1510
4,1777
4,1892
4,1942
4,2205
4,2264
4,2599
4,2792
4,2887
4,2929
4,3014
4,3113
4,3201
4,3558
4,3870
4,3878
4,3960
4,4101
4,4107
4,4125
4,4400
5,6
5,7
5,9
5,12
5,22
5,40
5,41
5,48
5,51
5,53
5,56
5,74
5,79
5,95
5,98
5,118
5,128
5,132
5,142
5,156
5,158
5,168
5,169
5,170
5,188
5,189
5,235
5,238
5,240
5,243
5,277
5,287
5,295
5,306
5,314
5,341
5,359
5,369
5,412
5,413
5,419
5,447
5,454
5,465
5,529
5,536
5,543
5,549
5,575
5,576
5,594
5,601
5,604
5,633
5,643
5,645
5,649
5,817
5,827
5,830
5,835
5,846
5,854
5,873
5,879
5,977
5,1045
5,1102
5,1113
5,1148
5,1156
5,1199
5,1237
5,1265
5,1279
5,1323
5,1359
5,1390
5,1431
5,1448
5,1463
5,1502
5,1605
5,1639
5,1641
5,1690
5,1730
5,1752
5,1760
5,1779
5,1812
5,1937
5,1941
5,1981
5,2048
5,2082
5,2096
5,2112
5,2164
5,2177
5,2206
5,2216
5,2219
5,2245
5,2305
5,2333
5,2346
5,2361
5,2390
5,2450
5,2478
5,2531
5,2624
5,2645
5,2660
5,2776
5,2784
5,2842
5,2960
5,2969
5,3066
5,3108
5,3110
5,3130
5,3144
5,3159
5,3169
5,3264
5,3294
5,3295
5,3296
5,3383
5,3477
5,3483
5,3509
5,3523
5,3550
5,3555
5,3618
5,3774
5,3809
5,3875
5,3924
5,3936
5,3976
5,4012
5,4038
5,4129
5,4131
5,4134
5,4149
5,4204
5,4230
5,4232
5,4251
5,4273
5,4505
5,4535
5,4540
5,4553
5,4581
5,4589
5,4627
5,4651
5,4724
5,4758
5,4890
5,4932
6,51
6,100
6,158
6,219
6,267
6,405
6,439
6,543
6,662
6,689
6,767
6,1237
6,1664
6,1705
6,1788
6,1925
6,2052
6,2063
6,2066
6,2361
6,2586
6,2624
6,3415
6,3418
6,4117
6,4476
6,4512
6,4554
6,4573
6,4833
6,4923
6,4953
7,8
7,11
7,12
7,15
7,18
7,22
7,29
7,36
7,37
7,39
7,42
7,58
7,59
7,60
7,74
7,92
7,123
7,148
7,165
7,172
7,178
7,189
7,207
7,217
7,248
7,265
7,298
7,339
7,341
7,367
7,375
7,385
7,425
7,443
7,463
7,475
7,488
7,498
7,506
7,525
7,550
7,579
7,604
7,611
7,617
7,618
7,641
7,712
7,737
7,740
7,747
7,762
7,771
7,842
7,844
7,856
7,893
7,956
7,986
7,1010
7,1061
7,1116
7,1120
7,1149
7,1157
7,1161
7,1280
7,1366
7,1391
7,1456
7,1460
7,1473
7,1503
7,1532
7,1548
7,1610
7,1648
7,1674
7,1730
7,1753
7,1798
7,1813
7,1843
7,1874
7,1875
7,1887
7,1902
7,1920
7,1947
7,1950
7,1961
7,2019
7,2039
7,2043
7,2047
7,2061
7,2106
7,2108
7,2148
7,2176
7,2243
7,2269
7,2298
7,2351
7,2364
7,2386
7,2413
7,2424
7,2450
7,2459
7,2502
7,2569
7,2573
7,2579
7,2589
7,2612
7,2628
7,2644
7,2667
7,2672
7,2708
7,2806
7,2831
7,2858
7,2900
7,3018
7,3041
7,3059
7,3177
7,3314
7,3336
7,3421
7,3464
7,3607
7,3652
7,3671
7,3673
7,3690
7,3710
7,3853
7,3867
7,3957
7,3995
7,4044
7,4081
7,4187
7,4189
7,4239
7,4340
7,4373
7,4388
7,4524
7,4548
7,4556
7,4591
7,4626
7,4651
7,4718
7,4721
7,4751
7,4763
7,4861
7,4870
7,4922
7,4925
7,4946
8,11
8,14
8,17
8,33
8,64
8,101
8,111
8,121
8,165
8,207
8,211
8,221
8,239
8,247
8,255
8,265
8,272
8,312
8,348
8,481
8,521
8,532
8,571
8,742
8,751
8,771
8,816
8,828
8,851
8,1039
8,1047
8,1083
8,1111
8,1161
8,1179
8,1256
8,1259
8,1278
8,1281
8,1384
8,1391
8,1414
8,1493
8,1507
8,1549
8,1598
8,1607
8,1644
8,1649
8,1657
8,1793
8,1807
8,1813
8,1914
8,1953
8,2005
8,2044
8,2155
8,2258
8,2406
8,2487
8,2551
8,2564
8,2575
8,2619
8,2654
8,2759
8,2820
8,2931
8,2986
8,3000
8,3013
8,3086
8,3177
8,3245
8,3336
8,3421
8,3427
8,3462
8,3630
8,3680
8,3888
8,3889
8,4018
8,4031
8,4170
8,4219
8,4240
8,4244
8,4384
8,4386
8,4406
8,4422
8,4427
8,4463
8,4473
8,4565
8,4706
8,4731
8,4786
9,168
9,169
9,594
9,663
9,1588
9,1746
9,1776
9,2035
9,2177
9,3173
9,3329
9,4271
9,4561
9,4921
10,24
10,28
10,43
10,78
10,80
10,84
10,85
10,110
10,119
10,122
10,159
10,233
10,244
10,249
10,253
10,266
10,328
10,333
10,355
10,368
10,371
10,455
10,462
10,572
10,573
10,667
10,709
10,748
10,791
10,822
10,1016
10,1022
10,1081
10,1239
10,1285
10,1298
10,1411
10,1437
10,1439
10,1451
10,1513
10,1576
10,1617
10,1654
10,1673
10,1773
10,1852
10,1996
10,2046
10,2132
10,2268
10,2430
10,2448
10,2774
10,2962
10,3036
10,3088
10,3124
10,3302
10,3337
10,3360
10,3529
10,3647
10,3893
10,3945
10,4030
10,4072
10,4439
10,4451
10,4471
10,4555
10,4682
10,4696
11,14
11,17
11,26
11,33
11,55
11,60
11,96
11,108
11,111
11,125
11,135
11,163
11,183
11,184
11,187
11,239
11,255
11,272
11,345
11,356
11,360
11,361
11,394
11,402
11,429
11,459
11,468
11,486
11,493
11,532
11,571
11,618
11,641
11,650
11,655
11,656
11,788
11,828
11,894
11,900
11,907
11,910
11,929
11,939
11,1062
11,1084
11,1086
11,1307
11,1332
11,1340
11,1384
11,1429
11,1454
11,1493
11,1572
11,1626
11,1627
11,1657
11,1701
11,1727
11,1754
11,1855
11,1929
11,1946
11,1950
11,1953
11,1977
11,2041
11,2049
11,2064
11,2080
11,2091
11,2158
11,2232
11,2247
11,2295
11,2330
11,2335
11,2489
11,2540
11,2561
11,2629
11,2724
11,2733
11,2772
11,2778
11,2807
11,2866
11,2963
11,2974
11,2976
11,3011
11,3045
11,3321
11,3354
11,3369
11,3401
11,3473
11,3496
11,3505
11,3573
11,3956
11,3967
11,4105
11,4190
11,4201
11,4210
11,4334
11,4340
11,4352
11,4398
11,4422
11,4472
11,4510
11,4533
11,4568
11,4582
11,4705
11,4843
11,4934
12,29
12,58
12,105
12,170
12,401
12,410
12,534
12,617
12,750
12,842
12,889
12,963
12,1283
12,1998
12,2060
12,2183
12,2530
12,2631
12,2813
12,2895
12,2933
12,3080
12,3315
12,4273
12,4436
12,4777
13,27
13,32
13,62
13,89
13,124
13,185
13,417
13,558
13,657
13,726
13,811
13,836
13,1653
13,1670
13,2387
13,2609
13,2948
13,3224
13,3379
13,3907
13,4109
13,4683
13,4712
14,101
14,374
14,547
14,751
14,1180
14,1290
14,1295
14,1331
14,3570
14,3575
14,3787
14,3823
14,4375
14,4397
15,39
15,115
15,217
15,672
15,734
15,762
15,790
15,831
15,852
15,1033
15,1090
15,1112
15,1183
15,1267
15,1580
15,1708
15,1729
15,1767
15,1985
15,2104
15,2106
15,2758
15,2882
15,3120
15,3352
15,3844
15,3927
15,3975
15,4081
15,4601
15,4623
15,4808
15,4899
15,4944
16,427
16,776
16,1545
16,3026
16,3387
16,4887
17,26
17,109
17,125
17,345
17,535
17,570
17,655
17,1897
17,1929
17,1997
17,2044
17,2201
17,2202
17,2232
17,2295
17,2509
17,2564
17,2943
17,3150
17,3505
17,3680
17,3735
17,4406
17,4562
17,4760
18,42
18,498
18,525
18,622
18,708
18,906
18,1157
18,1186
18,1529
18,2176
18,3207
18,3464
18,4388
18,4861
19,34
19,54
19,72
19,97
19,129
19,176
19,204
19,218
19,227
19,377
19,420
19,434
19,469
19,522
19,552
19,560
19,574
19,603
19,653
19,660
19,671
19,754
19,784
19,797
19,838
19,867
19,903
19,913
19,1030
19,1073
19,1089
19,1151
19,1184
19,1326
19,1357
19,1555
19,1659
19,1722
19,1859
19,1921
19,1986
19,2011
19,2040
19,2131
19,2380
19,2425
19,2464
19,2480
19,2492
19,2513
19,2520
19,2677
19,2732
19,2790
19,2791
19,2854
19,2896
19,2897
19,3016
19,3131
19,3238
19,3390
19,3441
19,3562
19,3577
19,3579
19,3621
19,3688
19,4028
19,4341
19,4371
19,4424
19,4629
19,4680
19,4800
20,134
20,482
20,732
20,746
20,766
20,824
20,861
20,979
20,1334
20,2119
20,2669
20,2942
20,3141
20,3208
20,3416
20,3469
20,3600
20,3655
20,3795
20,4492
20,4704
21,23
21,25
21,112
21,144
21,177
21,199
21,234
21,330
21,409
21,411
21,471
21,538
21,724
21,908
21,914
21,1006
21,1014
21,1128
21,1188
21,1221
21,1231
21,1262
21,1274
21,1477
21,1488
21,1546
21,1578
21,1706
21,1771
21,1800
21,1872
21,2067
21,2231
21,2240
21,2249
21,2267
21,2582
21,2730
21,3005
21,3007
21,3138
21,3197
21,3262
21,3331
21,3490
21,3510
21,3959
21,3983
21,4166
21,4580
21,4588
22,41
22,76
22,132
22,314
22,465
22,581
22,590
22,983
22,1200
22,1316
22,1448
22,1639
22,1731
22,1739
22,2162
22,2298
22,2584
22,3283
22,3448
22,3593
22,3884
22,3924
22,4134
22,4394
22,4496
22,4871
23,25
23,144
23,409
23,467
23,471
23,527
23,639
23,673
23,908
23,1014
23,1231
23,1329
23,1478
23,1488
23,1578
23,1645
23,1771
23,2432
23,2542
23,2730
23,2939
23,3959
23,4205
23,4365
24,43
24,49
24,67
24,77
24,85
24,90
24,103
24,120
24,130
24,131
24,215
24,216
24,249
24,261
24,274
24,307
24,313
24,379
24,424
24,433
24,455
24,470
24,503
24,584
24,638
24,642
24,651
24,667
24,705
24,727
24,779
24,802
24,803
24,878
24,882
24,897
24,924
24,941
24,978
24,980
24,1007
24,1031
24,1036
24,1038
24,1059
24,1075
24,1098
24,1165
24,1415
24,1427
24,1453
24,1457
24,1535
24,1622
24,1671
24,1686
24,1711
24,1822
24,1884
24,1964
24,1979
24,1995
24,2053
24,2263
24,2318
24,2320
24,2357
24,2368
24,2416
24,2453
24,2622
24,2633
24,2690
24,2715
24,2794
24,2819
24,2880
24,2905
24,2944
24,2946
24,3034
24,3190
24,3222
24,3249
24,3311
24,3340
24,3405
24,3406
24,3420
24,3431
24,3475
24,3533
24,3634
24,3643
24,3666
24,3672
24,3701
24,3830
24,3979
24,4083
24,4259
24,4382
24,4447
24,4534
24,4676
24,4841
24,4854
24,4913
24,4968
25,724
25,1901
26,109
26,570
26,1167
26,1429
26,1725
26,1997
26,2509
26,2641
26,2928
26,2943
26,3598
26,4276
26,4761
27,44
27,195
27,726
27,1240
27,2387
27,3805
28,31
28,65
28,73
28,93
28,114
28,222
28,276
28,280
28,483
28,648
28,692
28,804
28,855
28,911
28,1032
28,1091
28,1209
28,1612
28,1689
28,1774
28,1846
28,1858
28,1917
28,1928
28,1944
28,2086
28,2149
28,2721
28,2731
28,2925
28,3008
28,3040
28,3258
28,4020
28,4043
28,4086
28,4419
28,4474
28,4487
28,4518
29,105
29,385
29,443
29,545
29,889
29,916
29,1082
29,1174
29,1753
29,1850
29,1991
29,2237
29,2798
29,3995
29,4139
29,4960
29,5001
30,45
30,47
30,57
30,63
30,88
30,106
30,146
30,161
30,175
30,252
30,285
30,290
30,309
30,335
30,403
30,414
30,450
30,458
30,473
30,510
30,562
30,600
30,620
30,632
30,984
30,1107
30,1150
30,1198
30,1233
30,1330
30,1541
30,1840
30,2001
30,2095
30,2515
30,2537
30,2614
30,2681
30,2736
30,2893
30,3210
30,3309
30,3325
30,3471
30,3637
30,3742
30,4315
30,4519
30,4550
30,4969
31,65
31,73
31,93
31,116
31,160
31,201
31,279
31,336
31,422
31,444
31,484
31,499
31,785
31,804
31,1109
31,1215
31,1242
31,1430
31,1461
31,1564
31,1778
31,1895
31,1956
31,1959
31,1990
31,2130
31,2279
31,2289
31,2491
31,2653
31,2695
31,2836
31,2959
31,3040
31,3078
31,3246
31,3285
31,3297
31,3386
31,3432
31,3661
31,3788
31,4198
31,4302
31,4667
31,4857
32,38
32,62
32,69
32,89
32,99
32,124
32,137
32,193
32,273
32,278
32,357
32,417
32,524
32,690
32,700
32,811
32,886
32,940
32,1024
32,1097
32,1312
32,1581
32,1684
32,1780
32,1922
32,2033
32,2187
32,2306
32,2446
32,2473
32,2501
32,2523
32,2552
32,2634
32,2699
32,2709
32,2762
32,3237
32,3312
32,3740
32,3770
32,3857
32,4036
32,4264
32,4685
32,4745
32,4804
32,4892
33,55
33,187
33,211
33,286
33,312
33,360
33,397
33,440
33,539
33,595
33,713
33,796
33,851
33,863
33,1047
33,1436
33,1515
33,1728
33,1936
33,2020
33,2025
33,2241
33,2277
33,2363
33,2472
33,2621
33,2729
33,2921
33,2947
33,2993
33,3338
33,3369
33,3372
33,3444
33,3547
33,3640
33,3775
33,3888
33,3944
33,3962
33,4054
33,4191
33,4222
33,4288
33,4300
33,4834
33,4842
33,4927
33,4970
34,54
34,72
34,81
34,129
34,133
34,191
34,204
34,212
34,218
34,250
34,316
34,420
34,511
34,560
34,583
34,621
34,647
34,711
34,772
34,784
34,840
34,927
34,951
34,960
34,1115
34,1121
34,1143
34,1164
34,1261
34,1315
34,1434
34,1524
34,1527
34,1659
34,1663
34,1703
34,1781
34,1860
34,1883
34,1916
34,1972
34,2076
34,2167
34,2222
34,2438
34,2449
34,2494
34,2510
34,2683
34,2777
34,2781
34,2790
34,2906
34,2908
34,3090
34,3096
34,3139
34,3161
34,3203
34,3209
34,3644
34,3692
34,3723
34,3982
34,4143
34,4320
34,4344
34,4695
34,4766
34,4943
34,4977
34,4993
35,398
35,421
35,593
35,783
35,2967
35,3289
35,3627
35,4951
36,46
36,337
36,435
36,682
36,815
36,1049
36,1806
36,2378
36,2656
36,3273
36,3543
36,3827
36,4698
37,178
37,197
37,365
37,661
37,896
37,926
37,935
37,1606
37,1616
37,1745
37,2092
37,2379
37,2550
37,2761
37,2873
37,3223
37,3298
37,3877
37,4001
37,4453
37,4771
38,66
38,69
38,193
38,224
38,275
38,501
38,559
38,837
38,862
38,868
38,1025
38,1210
38,1234
38,1257
38,1486
38,1491
38,1733
38,1750
38,1768
38,1831
38,2120
38,2429
38,2712
38,2859
38,3833
38,4017
38,4070
38,4080
38,4236
38,4331
39,115
39,248
39,260
39,438
39,734
39,1710
39,1714
39,1802
39,2198
39,2253
39,2468
39,2758
39,3352
39,3646
39,3879
39,4108
39,4601
39,4878
40,139
40,140
40,210
40,243
40,296
40,436
40,561
40,586
40,596
40,821
40,829
40,884
40,995
40,1009
40,1051
40,1087
40,1205
40,1218
40,1296
40,1327
40,1438
40,1554
40,1751
40,1934
40,2266
40,2293
40,2592
40,2837
40,2862
40,2949
40,2950
40,3083
40,3126
40,3164
40,3196
40,3293
40,3411
40,3442
40,3578
40,3581
40,3668
40,3828
40,3841
40,3856
40,3866
40,3958
40,4150
40,4167
40,4266
40,4488
40,4509
40,4729
40,4753
40,4793
40,4816
40,4839
40,4852
41,56
41,76
41,376
41,388
41,418
41,518
41,563
41,983
41,1526
41,1574
41,1862
41,2162
41,3205
41,3341
41,3448
41,3488
41,4176
41,4232
41,4335
41,4496
41,4639
42,172
42,257
42,504
42,512
42,906
42,966
42,1105
42,3710
42,4286
43,77
43,110
43,122
43,223
43,368
43,424
43,832
43,965
43,980
43,1022
43,1075
43,1298
43,1490
43,1595
43,2007
43,2046
43,2268
43,2694
43,3474
43,3476
43,3503
43,3647
43,3741
43,3811
43,3981
43,4006
43,4446
43,4888
43,4895
44,70
44,141
44,192
44,195
44,282
44,289
44,293
44,299
44,303
44,392
44,415
44,553
44,659
44,670
44,721
44,892
44,895
44,1003
44,1314
44,1333
44,1444
44,1464
44,1494
44,1601
44,1688
44,2163
44,2227
44,2408
44,2471
44,3115
44,3399
44,4742
44,4949
45,47
45,63
45,71
45,87
45,88
45,136
45,143
45,175
45,196
45,302
45,510
45,531
45,608
45,640
45,697
45,850
45,928
45,1041
45,1057
45,1107
45,1172
45,1286
45,1287
45,1363
45,1541
45,1613
45,1675
45,1715
45,1804
45,1857
45,1869
45,2001
45,2018
45,2572
45,2651
45,2909
45,3010
45,3279
45,3280
45,3309
45,3313
45,3318
45,3453
45,3952
45,4196
45,4497
45,4687
45,4717
46,682
46,815
46,3300
47,87
47,252
47,290
47,519
47,1613
47,2375
47,3092
47,3859
48,53
48,128
48,181
48,213
48,633
48,654
48,1252
48,1354
48,1416
48,1630
48,2009
48,2460
48,2646
48,2668
48,2675
48,2833
48,2907
48,2951
48,3153
48,3189
48,3195
48,3502
48,4123
48,4600
49,216
49,342
49,1553
49,1656
49,2536
49,3022
49,4383
49,4787
50,52
50,83
50,86
50,91
50,151
50,225
50,259
50,322
50,370
50,557
50,676
50,777
50,807
50,866
50,881
50,904
50,1127
50,1152
50,1211
50,1213
50,1313
50,1441
50,1537
50,1562
50,1582
50,1591
50,1597
50,1769
50,1817
50,1898
50,2113
50,2143
50,2144
50,2145
50,2156
50,2209
50,2218
50,2338
50,2342
50,2349
50,2434
50,2442
50,2483
50,2547
50,2574
50,2701
50,2719
50,2726
50,2755
50,2979
50,3003
50,3328
50,3359
50,3414
50,3467
50,3492
50,3524
50,3804
50,3971
50,3986
50,3999
50,4092
50,4152
50,4483
50,4613
50,4701
50,4902
51,95
51,98
51,100
51,156
51,235
51,251
51,267
51,295
51,321
51,400
51,487
51,507
51,575
51,614
51,635
51,767
51,833
51,890
51,1265
51,1284
51,1396
51,1633
51,1634
51,1664
51,1717
51,1738
51,1941
51,1975
51,2010
51,2052
51,2063
51,2451
51,2499
51,2645
51,2705
51,3057
51,3108
51,3166
51,3194
51,3265
51,3275
51,3392
51,3588
51,3861
51,3923
51,3934
51,4005
51,4009
51,4381
51,4528
52,68
52,83
52,182
52,225
52,246
52,556
52,739
52,774
52,777
52,782
52,1152
52,1208
52,1241
52,2271
52,2338
52,2350
52,2442
52,2574
52,3707
52,3798
52,3801
52,3804
52,3972
52,4211
52,4403
52,4458
52,4575
53,238
53,1416
53,1812
53,2297
53,2300
53,2834
53,3189
53,3589
53,3863
53,4535
53,4567
54,227
54,349
54,391
54,583
54,609
54,695
54,786
54,840
54,1042
54,1121
54,1162
54,1273
54,1282
54,1467
54,1522
54,1696
54,2302
54,2476
54,2602
54,2688
54,3161
54,3290
54,3385
54,3472
54,4214
54,4261
54,4893
55,96
55,107
55,184
55,394
55,430
55,515
55,533
55,664
55,902
55,1084
55,1228
55,1790
55,1906
55,2282
55,2718
55,2830
55,2923
55,3532
55,3657
55,3820
55,4116
55,4136
55,4820
56,79
56,576
56,1526
56,2333
56,2431
56,3042
56,3159
56,3943
56,4880
57,75
57,126
57,254
57,297
57,310
57,378
57,384
57,452
57,564
57,566
57,578
57,853
57,917
57,1130
57,1440
57,1575
57,1652
57,1737
57,1987
57,2100
57,2207
57,2739
57,3185
57,3455
57,3539
57,3566
57,3568
57,3799
57,3913
57,4076
57,4161
57,4172
57,4356
57,4633
58,339
58,475
58,1442
58,2204
58,2217
58,2530
58,2541
60,92
60,108
60,123
60,135
60,147
60,148
60,163
60,171
60,174
60,194
60,198
60,382
60,459
60,463
60,485
60,542
60,615
60,688
60,712
60,723
60,820
60,869
60,870
60,923
60,1066
60,1074
60,1085
60,1125
60,1147
60,1204
60,1223
60,1276
60,1301
60,1381
60,1426
60,1456
60,1505
60,1543
60,1565
60,1754
60,1786
60,1843
60,1902
60,1961
60,1994
60,2127
60,2291
60,2583
60,2629
60,2788
60,2816
60,2867
60,2911
60,3239
60,3287
60,3317
60,3437
60,3470
60,3596
60,3601
60,3670
60,3689
60,3703
60,3985
60,4021
60,4060
60,4141
60,4189
60,4252
60,4336
60,4637
60,4702
60,4860
60,4939
61,113
61,152
61,284
61,300
61,344
61,366
61,717
61,932
61,1235
61,1344
61,1805
61,2151
61,2175
61,2326
61,2388
61,3582
61,4025
61,4416
61,4477
62,99
62,185
62,186
62,220
62,301
62,304
62,516
62,636
62,674
62,1187
62,1202
62,1294
62,1394
62,1653
62,1670
62,1759
62,1903
62,2055
62,3076
62,3100
62,3362
62,3614
62,4254
62,4418
62,4461
62,4692
62,4750
62,4780
62,4829
62,4838
62,4851
62,4896
63,71
63,143
63,196
63,354
63,741
63,2851
63,3517
63,3580
63,3604
63,3637
63,3638
63,4430
64,150
64,247
64,269
64,597
64,665
64,707
64,888
64,945
64,971
64,1055
64,1069
64,1099
64,1160
64,1171
64,1203
64,1417
64,1700
64,1803
64,1914
64,1926
64,1954
64,2307
64,2456
64,2524
64,2590
64,2608
64,2765
64,3215
64,3257
64,3334
64,3485
64,3597
64,3606
64,4093
64,4188
64,4246
64,4491
64,4619
64,4756
64,4769
65,336
65,855
65,1215
65,4198
65,4441
65,4487
66,1736
66,1750
66,1908
66,2078
66,2369
66,2429
66,2877
66,3990
66,4070
66,4192
67,651
67,696
67,848
67,941
67,1098
67,1409
67,2281
67,2664
67,4503
68,145
68,774
68,782
68,998
68,1134
68,1856
68,1931
68,2775
68,4449
68,4558
68,4575
68,4748
69,275
69,862
69,1662
69,2982
69,4625
70,282
70,670
70,1314
70,1464
70,2062
71,850
71,1244
71,1260
71,2015
71,4376
71,4768
72,81
72,133
72,191
72,334
72,383
72,477
72,605
72,938
72,1000
72,1315
72,1320
72,1347
72,1375
72,1392
72,1484
72,1527
72,1756
72,1863
72,1883
72,2278
72,2287
72,2345
72,2710
72,2865
72,2977
72,3748
72,3790
72,4333
72,4599
72,4942
72,4977
73,116
73,127
73,153
73,157
73,164
73,201
73,276
73,280
73,353
73,404
73,426
73,483
73,499
73,625
73,692
73,883
73,901
73,909
73,911
73,1018
73,1032
73,1034
73,1209
73,1398
73,1445
73,1485
73,1682
73,1990
73,2098
73,2315
73,2427
73,2491
73,2526
73,3004
73,3363
73,3404
73,3449
73,3700
73,3702
73,4183
73,4257
73,4518
73,4586
73,4610
73,4650
73,4980
74,830
74,1473
75,102
75,126
75,237
75,466
75,520
75,564
75,578
75,658
75,841
75,853
75,905
75,974
75,1053
75,1412
75,1647
75,1737
75,2100
75,2252
75,2477
75,2484
75,2539
75,2727
75,2756
75,3091
75,3719
75,3780
75,4078
75,4096
75,4275
75,4389
76,376
76,388
76,418
76,518
76,1124
76,1224
76,1514
76,1862
76,1910
76,1913
76,1940
76,2954
76,3435
76,3511
76,3987
78,159
78,311
78,347
78,461
78,513
78,591
78,1027
78,1432
78,1506
78,1833
78,2314
78,2662
78,2686
78,3301
78,3755
78,3835
78,3933
78,4603
78,4889
79,142
79,2431
79,3042
79,4880
79,4983
80,967
80,1078
80,1437
80,1654
80,1712
80,1886
80,2803
80,3781
80,3930
81,334
81,383
81,477
81,1000
81,1176
81,1484
82,173
82,975
82,1248
82,1306
82,1687
82,1692
82,2273
82,2720
82,3146
82,3212
82,3728
82,4202
82,4671
83,86
83,151
83,155
83,182
83,202
83,203
83,232
83,258
83,325
83,373
83,380
83,437
83,492
83,528
83,557
83,630
83,769
83,957
83,1067
83,1096
83,1114
83,1211
83,1213
83,1342
83,1420
83,1472
83,1838
83,1864
83,1873
83,1924
83,1939
83,1960
83,2110
83,2134
83,2181
83,2271
83,2285
83,2394
83,2443
83,2611
83,2701
83,2707
83,2735
83,2797
83,2898
83,2979
83,2997
83,3093
83,3266
83,3389
83,3456
83,3585
83,3659
83,3711
83,3801
83,3821
83,4111
83,4142
83,4413
83,4425
83,4458
83,4466
83,4602
83,4678
83,4784
83,4846
83,4928
84,138
84,236
84,320
84,1012
84,1571
84,1623
84,1809
84,1996
84,2430
84,2697
84,2722
84,2728
84,2860
84,3564
84,3772
84,3777
84,3945
84,4032
84,4525
84,4526
84,4732
85,130
85,131
85,319
85,333
85,572
85,638
85,710
85,990
85,1158
85,1808
85,1819
85,2444
85,2622
85,2845
85,3213
85,3337
85,3534
85,3542
85,3974
85,4217
85,4243
85,4529
85,4659
85,4853
86,91
86,232
86,380
86,449
86,589
86,818
86,1254
86,1319
86,1420
86,1483
86,1558
86,1642
86,1982
86,2257
86,2340
86,2463
86,3093
86,3914
86,4602
86,4752
87,136
87,928
87,1309
87,2013
87,2339
87,2375
87,2909
87,4465
88,146
88,450
88,568
88,1198
88,1957
88,2095
88,2537
88,2935
89,137
89,273
89,283
89,1678
89,2634
90,433
90,610
90,779
90,885
90,1101
90,1236
90,1497
90,1719
90,2045
90,2058
90,2453
90,2905
90,3063
90,3353
90,3572
90,3822
90,4159
90,4429
90,4516
90,4755
90,4931
91,1313
91,1558
91,1591
91,1667
91,1825
91,2145
91,2174
91,2286
91,3299
91,3584
91,4052
91,4638
92,147
92,2579
92,2818
92,4879
92,4946
93,1956
94,162
94,262
94,704
94,949
94,991
94,1140
94,1310
94,1827
94,2299
94,2938
94,3468
94,3767
95,240
95,635
95,890
95,919
95,1364
95,1905
95,2616
95,2960
95,3948
95,4540
95,4978
96,107
96,183
96,585
96,1906
96,2718
96,2778
96,2974
96,3125
96,4116
96,4249
97,206
97,317
97,646
97,936
97,1841
97,2205
97,2316
97,2861
97,3105
97,3374
97,3447
97,3558
97,3722
98,614
98,616
98,1396
98,3194
99,301
99,304
99,516
99,636
99,693
99,700
99,886
99,1187
99,1202
99,1294
99,1780
99,2473
99,2762
99,3184
99,4521
99,4750
99,4780
99,4829
100,251
100,271
100,321
100,405
100,507
100,764
100,952
100,1020
100,1568
100,1634
100,1705
100,1717
100,1868
100,1923
100,2069
100,2274
100,2488
100,2506
100,2773
100,3192
100,3588
100,3663
100,3861
100,3923
100,3934
100,4293
100,4528
100,4909
101,221
101,374
101,521
101,627
101,825
101,847
101,1083
101,1159
101,1487
101,1531
101,1624
101,3065
101,3366
101,3440
101,3570
101,3886
101,4058
101,4397
102,331
102,841
102,1037
102,2600
102,4604
103,120
103,474
103,876
103,961
103,1170
103,1693
103,1935
103,2172
103,3463
103,3871
103,4231
103,4507
103,4726
104,256
104,327
104,364
104,479
104,843
104,968
104,970
104,1748
104,1919
104,2188
104,2275
104,2433
104,3154
104,3286
104,3482
104,3611
104,3882
104,4850
105,401
105,534
105,750
105,1998
105,2631
106,1233
106,2166
106,2885
106,3785
106,3836
106,4475
106,4542
106,4859
107,585
107,1383
107,1401
107,2869
107,2991
107,4380
108,171
108,723
108,923
108,3287
108,3985
108,4060
108,4352
108,4840
109,1167
109,1725
109,1816
109,1897
109,2202
109,3343
109,3931
109,4276
109,4299
109,4761
110,223
110,832
110,2032
110,2122
110,2397
110,4557
110,4888
111,121
112,177
112,228
112,330
112,362
112,497
112,745
112,1221
112,1262
112,1477
112,1706
112,1820
112,1865
112,2002
112,2017
112,2267
112,2507
112,2973
112,2994
112,3007
112,3138
112,3490
112,3983
112,3994
113,190
113,264
113,332
113,396
113,407
113,441
113,464
113,931
113,1043
113,1106
113,1137
113,1325
113,1328
113,1492
113,1495
113,1561
113,1651
113,1952
113,2116
113,2322
113,2741
113,3178
113,3231
113,3310
113,3582
113,4102
113,4355
114,166
114,179
114,180
114,230
114,288
114,849
114,865
114,1193
114,1974
114,2392
114,2630
114,2995
114,3322
114,4291
114,4657
114,4795
114,4947
115,438
115,672
115,831
115,852
115,964
115,1052
115,1090
115,1230
115,1708
115,1714
115,1729
115,2000
115,2042
115,2133
115,2311
115,2428
115,2617
115,2876
115,3277
115,3326
115,3869
115,4216
115,4469
115,4527
115,4807
116,127
116,153
116,157
116,160
116,422
116,426
116,551
116,694
116,901
116,1853
116,2008
116,2129
116,2195
116,2373
116,2383
116,2426
116,3784
116,4220
116,4225
117,263
117,318
117,456
117,1356
117,3204
118,245
118,281
118,529
118,2090
118,2417
118,2841
118,4047
118,4875
119,266
119,537
119,565
119,2823
119,3052
119,4008
120,474
120,1995
120,3463
121,2487
121,3630
121,4386
122,371
122,462
122,748
122,999
122,1191
122,1576
122,1604
122,1635
122,1810
122,3726
122,4013
122,4234
122,4396
122,4471
122,4605
123,174
123,194
123,268
123,382
123,472
123,587
123,959
123,1056
123,1129
123,1322
123,1449
123,1462
123,1569
123,1585
123,1619
123,1830
123,1882
123,2580
123,3636
123,3921
123,4763
124,657
124,2470
124,2501
124,3740
124,4264
125,486
125,535
125,907
125,1626
125,2604
125,3401
125,3768
125,3967
125,4843
126,237
126,254
126,297
126,378
126,466
126,520
126,770
126,974
126,1026
126,1412
126,1474
126,2558
126,3455
126,3566
126,4078
126,4578
127,164
127,989
127,1018
127,1132
127,1599
127,2129
127,3898
127,4456
128,1252
128,2833
128,2907
128,4600
129,176
129,434
129,522
129,552
129,603
129,671
129,797
129,903
129,1073
129,1184
129,1326
129,1408
129,2137
129,2494
129,3486
129,3996
129,4501
130,897
130,1036
130,1077
130,1559
130,1622
130,1964
130,2368
130,2511
130,2819
130,3213
130,3542
130,4217
130,4659
131,215
131,319
131,338
131,389
131,509
131,1060
131,1399
131,1686
131,1698
131,1979
131,2570
131,2601
131,2878
131,4174
132,581
132,590
132,1406
132,1550
132,1603
132,1731
132,1871
132,2584
132,3274
132,3283
133,605
133,1261
133,2287
133,3152
134,732
134,1334
134,2119
134,3141
134,3281
134,3960
135,1204
135,1786
135,2016
135,2127
135,2816
136,1309
136,2013
137,1097
137,1922
137,4892
138,619
138,1784
138,3031
138,3408
138,4594
139,210
139,644
139,775
139,858
139,1166
139,1438
139,3027
139,3083
139,3347
139,3843
139,3926
139,4847
140,596
140,2862
140,3196
140,3293
141,192
141,303
141,480
141,1758
141,1851
141,1879
141,2227
141,2441
142,4932
143,741
143,925
143,2093
143,2389
143,3181
143,3280
143,3638
143,4717
144,199
144,411
144,467
144,476
144,527
144,538
144,687
144,1189
144,1321
144,1329
144,1382
144,2123
144,2301
144,2360
144,2740
144,2939
144,3101
144,3186
144,3331
144,3654
144,3776
144,4153
144,4574
144,4937
145,2725
145,2760
145,3002
146,335
146,568
146,632
146,857
146,1958
146,2139
146,2892
146,2968
146,4514
147,3703
147,4637
147,4860
147,4879
148,198
148,305
148,834
148,1066
148,1302
148,2243
148,2353
148,2421
148,3355
148,3426
148,3691
148,4115
148,4279
149,324
149,1552
149,2079
149,2226
149,3423
149,3525
149,3762
149,3852
149,3946
149,4053
149,4297
150,478
150,707
150,971
150,1216
150,1417
150,1512
150,1520
150,1567
150,2578
150,4229
150,4801
151,155
151,258
151,676
151,957
151,1864
151,2735
151,3395
151,4029
151,4563
152,167
152,229
152,344
152,955
152,2914
152,4719
154,241
154,765
154,794
154,1070
154,1291
154,1476
154,2193
154,2779
154,2915
154,3908
154,3997
154,4926
155,202
155,548
155,809
155,1378
155,1528
155,3256
156,369
156,419
156,631
156,846
156,1638
156,2228
156,3586
157,694
157,3784
158,219
158,854
158,1065
158,1636
158,2066
158,2932
158,4204
158,4573
159,461
159,1016
159,1247
159,1506
159,2445
159,2662
159,3301
159,3835
159,4603
159,4904
161,285
162,1140
162,1352
162,1557
162,2805
162,2847
162,3767
163,429
163,485
163,1307
163,2080
163,4510
164,989
164,2526
164,2750
164,2821
164,3449
165,425
165,506
165,893
165,1116
165,1120
165,1607
165,2424
165,2502
165,2644
165,3652
165,3690
165,3973
166,2392
166,4291
167,229
167,955
167,2099
167,2497
167,4673
167,4972
168,188
168,346
168,663
168,859
168,1300
168,1563
168,1588
168,1602
168,2035
168,2331
168,2757
168,2941
168,3507
168,3759
168,4399
168,4921
168,4948
170,410
170,963
170,2074
170,2165
170,2346
170,3001
170,3694
170,4012
170,4776
171,820
171,1074
171,1085
171,1272
171,3890
171,4141
172,257
172,504
172,512
172,683
172,813
172,1105
172,1468
172,1628
172,1713
172,2341
172,2410
172,3332
172,3466
172,3794
172,3905
172,3991
172,4223
172,4675
172,4998
173,200
173,416
173,1248
173,1345
173,1687
173,2458
173,3146
173,4984
174,959
174,1125
174,1560
174,1695
174,2767
175,640
175,697
175,756
175,860
175,1286
175,3279
175,4672
175,4945
175,4969
176,3486
177,228
177,798
177,987
177,1305
177,1371
177,1435
177,2140
177,2182
177,2210
177,2294
177,2913
177,2919
177,3143
177,3510
177,3855
177,4062
178,197
178,661
178,926
178,1517
178,1606
178,1616
178,1745
178,1766
178,2379
178,2873
178,3053
178,3223
178,3978
178,4421
179,180
179,205
179,208
179,209
179,242
179,323
179,408
179,675
179,1136
179,1350
179,1702
179,2023
179,2377
179,2702
179,2795
179,2992
179,3170
179,3674
179,3819
179,3955
179,4194
179,4392
179,4511
179,4608
180,205
180,209
180,406
180,849
180,1193
180,1974
180,3170
180,3718
180,3894
180,4531
180,4647
180,4947
181,1354
181,1877
181,2675
181,4123
181,4284
181,4457
181,4916
182,630
182,996
182,3972
182,4425
184,515
184,668
184,902
184,1002
184,2807
184,3820
184,3922
184,4445
184,4792
184,4873
185,186
185,220
185,270
185,329
185,387
185,393
185,558
185,599
185,674
185,681
185,749
185,760
185,778
185,972
185,1317
185,1407
185,1511
185,1516
185,1759
185,1880
185,1903
185,2055
185,2085
185,2280
185,2936
185,3097
185,3100
185,3348
185,3362
185,3551
185,4357
185,4797
186,599
186,749
186,760
186,1387
186,3240
186,3537
186,3810
186,4896
187,286
187,356
187,493
187,595
187,713
187,863
187,1173
187,1182
187,1701
187,1889
187,2020
187,2064
187,2277
187,2363
187,3198
187,3269
187,3750
187,4019
187,4794
188,346
188,859
188,977
188,1095
188,1300
188,1563
188,1566
188,1592
188,1842
188,1937
188,2121
188,2124
188,2723
188,2970
188,3202
188,3696
188,3752
188,4126
188,4428
188,4462
188,4754
189,367
189,454
189,702
189,3148
189,3188
189,3304
189,3650
189,3875
189,4245
190,264
190,291
190,812
190,1269
190,1542
190,2418
190,2597
190,2642
190,4235
191,212
191,423
191,1320
191,1419
191,2345
191,2683
191,3112
191,3193
191,3316
191,3458
191,3592
191,4023
191,4146
191,4448
192,1851
192,2471
193,224
193,278
193,357
193,793
193,826
193,864
193,1866
193,2336
193,2352
193,2446
193,2532
193,3364
194,268
194,587
194,1056
194,1129
194,1449
194,1619
194,2439
194,3636
195,293
195,457
195,1333
195,1494
195,1498
195,1932
195,4742
196,302
196,315
196,354
196,531
196,948
196,1287
196,1869
196,3517
196,3604
196,3695
196,3786
196,4256
196,4987
196,4991
197,365
197,935
197,1517
197,1766
197,1968
197,2519
197,4421
197,4570
197,4771
198,305
198,542
198,1505
198,1521
198,2087
198,2421
198,4279
198,4336
198,4939
199,234
199,340
199,351
199,476
199,637
199,914
199,1006
199,1225
199,1389
199,1465
199,2301
199,2543
199,2965
199,3221
199,3330
199,4580
199,4644
200,294
200,491
200,526
200,845
200,1367
200,2458
200,2883
200,3724
200,3793
200,4762
201,883
201,1245
201,2097
201,2098
201,3988
202,203
202,437
202,548
202,1096
202,1114
202,1343
202,1528
202,1848
202,2110
202,2213
202,2303
202,2997
202,3256
202,3389
202,3605
202,4918
204,316
204,2711
205,208
205,406
205,408
205,2992
205,3674
205,3718
205,3894
205,3955
205,4608
205,4941
207,611
207,737
207,1887
207,2184
207,2490
207,2546
207,4313
207,4435
207,4622
207,4640
208,1350
208,2891
209,2023
209,2377
209,2702
209,3051
209,3461
209,3685
210,884
210,1087
210,1205
210,1534
210,2028
210,2682
210,3242
210,3292
210,3493
210,3843
211,539
211,1436
211,1861
211,2729
211,2981
211,2993
211,3599
211,4500
211,4842
211,4997
212,423
212,588
212,2562
212,3112
212,3139
212,3458
212,3676
212,3826
212,4324
212,4448
212,4812
213,654
213,1584
213,2009
213,3024
214,448
214,1303
214,2889
214,3667
214,3970
214,4233
214,4285
215,338
215,705
215,2570
215,2855
215,3229
216,261
216,307
216,390
216,629
216,1762
216,1976
216,2190
216,2536
216,3249
216,3417
216,3420
216,3666
216,3830
216,4655
217,1767
217,2459
217,3853
218,772
218,927
218,1064
218,1151
218,1434
218,1722
218,1781
218,2449
218,2650
218,2734
218,2786
218,3706
218,4362
218,4371
219,662
219,1065
219,1636
219,2109
219,2475
219,2932
220,270
220,329
220,517
220,606
220,2581
220,3030
220,3348
220,3614
220,4690
220,4992
221,847
221,1039
221,1159
221,1414
221,1793
221,1807
221,2551
221,3267
222,1694
222,2925
222,4614
223,1490
223,2032
223,2309
223,2397
223,3474
224,4080
225,246
225,350
225,514
225,703
225,800
225,994
225,1127
225,1208
225,1241
225,1271
225,1769
225,2113
225,2171
225,2200
225,2704
225,3779
225,4211
225,4905
226,292
226,442
226,582
226,729
226,930
226,976
226,1311
226,1402
226,1570
226,1629
226,1691
226,1721
226,1828
226,2191
226,2250
226,2359
226,2437
226,2545
226,2615
226,2916
226,3023
226,3182
226,3236
226,3276
226,3308
226,4387
227,349
227,391
227,838
227,1357
227,1373
227,2380
227,2665
227,3254
227,3441
227,3754
227,3832
227,4728
228,798
228,1305
228,2169
228,3895
228,4437
228,4545
230,288
230,1072
230,2399
230,2920
230,3512
230,3626
230,4757
230,4795
231,372
231,768
231,1676
231,2703
231,2870
232,325
232,373
232,449
232,492
232,494
232,546
232,589
232,715
232,730
232,982
232,1067
232,1222
232,1232
232,1646
232,1873
232,2334
232,2340
232,2355
232,2365
232,3914
232,4089
232,4345
233,3529
234,340
234,351
234,781
234,814
234,1128
234,1389
234,1742
234,3129
234,3829
234,4091
234,4498
235,400
235,912
235,3778
235,4005
236,320
236,937
236,988
236,1499
236,1809
236,2728
236,4156
236,4346
236,4526
237,770
237,4197
237,4578
238,277
238,287
238,549
238,624
238,645
238,744
238,1050
238,1681
238,2300
238,2834
238,3436
238,4716
238,4877
239,481
239,1019
239,1385
239,4045
240,919
240,2577
240,2802
240,3151
240,4978
241,765
241,3997
241,4849
242,323
242,343
242,1190
242,2370
243,586
243,1009
243,3164
243,4367
244,1439
244,3088
244,3873
244,4030
244,4039
245,451
245,685
245,1583
245,1876
245,2090
245,2417
245,2647
245,3713
245,3817
245,3937
246,350
246,514
246,703
246,1118
246,1135
246,2856
246,3965
248,260
248,490
248,1149
248,1346
248,1891
248,3074
249,355
249,395
249,626
249,1013
249,1263
249,1285
249,1611
249,1625
249,2186
249,2971
249,2978
249,3459
249,4259
249,4308
249,4620
249,4759
249,4765
249,4854
249,4869
250,511
250,647
250,759
250,951
250,981
250,1795
250,1972
250,2637
250,3400
250,4993
251,271
251,487
251,4681
252,403
252,519
252,1048
252,1840
252,1907
252,1945
252,3935
252,4319
252,4489
252,4963
253,358
253,453
253,495
253,887
253,1008
253,1175
253,1773
253,2132
253,2141
253,2774
253,2815
253,2930
253,2964
253,3498
253,4480
253,4543
253,4549
253,4819
254,1987
254,4076
255,348
255,500
255,1062
255,1256
255,1933
255,2247
255,2344
255,3427
255,3565
255,3662
255,3727
255,3808
255,4311
255,4360
255,4504
255,4592
255,4730
255,4817
256,327
256,1195
256,1418
256,1744
256,2089
256,2275
256,3758
257,1468
257,3746
258,4029
259,370
259,1770
259,1844
259,1899
259,2209
259,2596
259,3367
259,4775
260,490
260,920
260,1092
260,1346
260,1943
260,1955
260,2189
260,2223
260,3259
260,3609
260,4337
261,274
261,308
261,584
261,612
261,629
261,642
261,1068
261,1219
261,1404
261,1836
261,1976
261,2296
261,2391
261,2890
261,2946
261,3180
261,3183
261,3603
261,4294
261,4349
261,4508
261,4744
262,949
263,318
263,428
263,795
263,1356
263,1361
263,1482
263,3977
263,4103
263,4379
264,1269
264,1328
264,2116
264,2485
264,2597
264,2642
264,4643
265,1532
265,3998
266,537
266,565
266,714
266,880
266,1214
266,2553
266,2823
266,3200
266,4008
267,833
267,943
267,1076
267,1738
267,2105
267,2696
267,2990
267,3055
267,3244
267,3402
267,3947
268,472
269,665
269,1349
269,1818
269,2146
269,2590
269,2765
269,2868
269,2988
269,3211
269,4093
270,387
270,606
270,684
270,1308
270,1511
270,2849
272,361
272,1111
272,1500
273,283
274,308
274,313
274,1404
274,1405
274,1427
274,1640
274,3028
274,3340
274,4094
274,4982
275,501
275,559
275,1257
275,1491
275,2496
275,2787
275,4037
276,353
277,624
278,793
278,826
278,864
278,992
278,1046
278,1207
278,2500
278,3019
279,484
279,785
279,1461
279,1732
279,1881
279,2128
279,2279
279,2839
279,3241
279,3297
280,404
280,625
280,1612
280,3118
281,1266
281,4047
283,1678
283,4836
285,562
286,1515
286,1889
286,3944
287,413
287,2096
287,2478
287,2531
287,3035
287,3169
288,4757
289,381
289,553
289,743
289,787
289,1471
289,1523
289,1593
289,1594
289,2135
289,2440
289,3115
289,3214
289,3697
289,4034
290,309
290,1093
290,2038
290,3859
290,4059
291,812
291,1489
292,1402
292,1794
292,2916
292,3172
293,457
293,602
293,634
293,659
293,922
293,1079
293,1268
293,1782
293,1911
293,2065
293,2469
293,2623
293,3398
293,3425
293,3514
293,4074
293,4133
293,4711
293,4914
294,526
294,1028
294,1146
294,1367
294,3206
294,3480
294,3800
294,4901
296,326
296,555
296,2811
297,1130
297,1749
297,3799
298,386
298,489
298,554
298,666
298,669
298,874
298,986
298,1040
298,1243
298,1288
298,1423
298,1548
298,1792
298,1824
298,1874
298,1973
298,2178
298,2319
298,3006
298,3227
298,4350
298,4897
299,1003
299,2749
299,2840
299,3730
299,3860
299,4067
299,4327
300,717
300,932
300,1344
300,2151
302,315
302,948
302,3504
302,4987
302,4991
303,415
303,480
303,505
303,721
303,895
303,1229
303,1400
303,1533
303,1601
303,1758
303,1814
303,2088
303,2408
303,2687
303,2998
303,3399
303,3434
303,3624
303,3802
303,3815
303,4035
303,4049
303,4411
305,834
305,942
305,1521
305,1834
305,2435
305,3355
305,3635
305,4522
306,3144
306,4180
307,390
307,4447
308,612
308,736
308,1068
308,1219
308,1405
308,1836
308,2504
308,2890
308,3183
308,4747
309,1093
309,1150
309,4059
310,446
310,541
310,678
310,944
310,1251
310,1459
310,2103
310,2154
310,2179
310,2292
310,2657
310,2768
310,3479
310,3912
310,4452
311,591
311,623
312,397
312,440
312,742
312,773
312,801
312,985
312,1936
312,2966
312,3953
312,4927
313,4094
314,1200
314,1316
314,4181
316,2510
316,2711
317,936
317,962
317,1984
317,2072
317,2929
317,3447
317,4101
317,4312
318,428
318,523
318,530
318,795
318,1029
318,1380
318,1458
318,1589
318,2118
318,4193
319,1399
319,2444
320,937
320,1499
320,2395
321,764
321,952
321,2069
321,3457
321,4301
322,2070
322,2143
323,1190
324,871
324,1017
324,1556
324,2079
324,2566
324,2676
324,2804
324,3252
324,3762
324,3946
324,3966
324,4391
325,528
325,1838
325,3711
326,555
326,725
326,2498
326,3460
326,3522
326,4087
327,968
327,1418
327,3758
327,4027
328,4714
329,393
329,517
329,1339
329,3030
329,3660
330,362
330,2231
330,2582
330,3070
330,3994
332,396
332,407
332,441
332,464
332,1106
332,1360
332,1761
332,2741
332,3231
332,4135
332,4140
332,4260
332,4641
332,4999
333,1673
333,1992
333,2852
334,938
334,1375
334,2865
336,444
336,2595
336,3951
336,4441
337,435
337,2288
337,4698
338,389
338,509
338,958
338,2838
338,3229
339,2039
339,4120
340,814
340,1225
340,3330
341,1148
341,1690
341,4131
342,1094
342,1126
342,1133
342,1656
342,2256
342,3825
342,3887
342,4354
343,460
343,718
343,733
343,752
343,755
343,918
343,1377
343,1870
343,2405
343,2606
343,2706
343,3484
343,4955
344,1235
344,4719
345,900
345,2201
346,3202
347,679
347,2314
348,500
348,3662
348,4360
348,4592
348,4730
349,609
349,1042
349,1273
349,2400
349,2688
349,3282
349,3653
349,4709
350,2200
350,4905
351,637
351,781
351,2083
351,2543
351,3221
351,4091
352,1192
353,1398
353,3363
353,4650
355,395
355,626
355,706
355,1013
355,1163
355,1611
355,1620
355,1680
355,1949
355,2051
355,2808
355,3135
355,3459
355,3684
355,4088
355,4620
355,4821
356,1173
356,2674
356,4019
356,4398
357,2532
357,2699
358,453
358,495
358,580
358,698
358,716
358,898
358,1175
358,1277
358,2102
358,2141
358,3064
358,3081
358,3109
358,3123
358,3848
358,3901
358,4579
358,4587
358,4636
359,445
359,2903
360,468
360,789
360,993
360,1340
360,1977
360,2025
360,2324
360,3217
360,3544
360,4145
360,4378
361,402
361,431
361,1332
361,1479
361,2474
361,2894
361,3191
361,3698
362,497
362,691
362,810
362,1820
362,2034
362,2737
362,2994
362,3070
362,3079
362,3569
363,757
363,950
363,2180
363,2525
363,4985
364,540
364,970
364,973
364,1660
364,3641
366,2388
367,2589
368,965
368,3036
368,3253
368,4006
368,4895
369,601
369,631
369,1088
369,1169
369,2219
370,866
370,1270
370,1297
370,1844
370,1899
370,2719
370,3367
370,3391
370,3501
370,3610
370,4613
371,999
371,1153
371,1191
371,1337
371,3506
371,3880
371,4013
372,1676
372,3358
372,3872
373,982
373,1960
373,2355
373,3243
373,4405
374,547
374,627
374,792
374,825
374,915
374,1290
374,1295
374,1530
374,1837
374,2517
374,2527
374,3260
374,3291
374,3339
374,3429
374,3575
374,4248
374,4375
375,3419
375,3607
375,4556
375,4612
375,4751
377,2011
377,2462
377,3156
378,384
378,566
378,917
378,1573
378,1652
378,1658
378,3913
378,4995
379,567
379,677
379,947
379,1119
379,1255
379,1789
379,2027
379,2508
379,3622
379,3940
379,4247
380,818
380,2257
380,4752
380,4846
381,787
381,1304
381,1425
382,615
382,1381
382,1569
382,1830
382,2354
382,3437
382,3601
383,1863
384,452
384,720
384,1138
384,1658
384,3226
384,3574
384,4408
385,488
385,916
385,1197
385,2237
385,2308
385,4139
385,4546
386,496
386,1243
386,1318
386,1547
386,1973
386,2236
386,2693
386,3099
386,3111
386,3526
386,3679
386,4061
386,4084
386,4144
386,4226
386,4434
386,4876
387,681
387,684
387,1308
387,1317
387,1469
387,1504
387,3551
388,3205
388,3288
389,958
389,1060
389,2838
391,695
391,786
391,1004
391,1054
391,1108
391,1373
391,2665
391,3119
391,3254
391,4097
391,4184
391,4515
392,892
392,1021
392,1452
392,2414
392,3187
393,972
393,1339
393,1407
393,1516
393,2030
393,2255
393,2533
393,3660
393,3705
393,4282
394,430
394,1790
394,2006
394,2337
394,3012
394,4104
395,1163
395,1263
395,1625
395,1666
395,2186
395,2627
395,2680
395,3489
395,4278
396,1360
396,1421
396,3178
397,801
397,985
397,3372
398,628
398,808
398,953
398,1196
398,3365
398,3658
398,4179
398,4263
398,4961
399,1217
400,912
400,3392
400,3736
400,3778
400,4098
402,431
402,1479
402,2474
402,2894
402,4828
403,600
403,984
403,1048
403,2455
403,2614
403,3935
403,3969
403,4075
405,1568
406,4531
406,4647
408,4194
409,1274
409,1478
409,3371
409,4205
409,4326
409,4365
409,4710
410,2165
410,2895
410,3694
410,4777
411,2249
411,4937
412,722
412,1428
413,447
413,1279
413,3296
414,458
414,473
414,508
414,1206
414,1293
414,1353
414,1826
414,1894
414,2194
414,2503
414,2785
414,3617
414,4065
414,4099
414,4693
415,505
416,2203
416,2888
416,3157
416,3771
416,4137
416,4773
416,4822
417,690
417,731
417,1024
417,3770
417,4745
417,4965
418,563
418,1124
418,1224
418,2954
418,4176
418,4544
419,1638
419,1641
419,2048
419,4478
420,653
420,2908
421,3627
421,4228
422,1109
422,4438
423,588
423,2648
423,3149
423,3316
423,3676
423,3734
423,4146
424,2357
424,3405
425,856
425,1893
425,3973
425,4079
426,551
426,2008
426,2195
426,2229
426,2383
426,2613
426,2717
426,3320
426,3350
426,4220
426,4628
426,4966
427,1545
427,3026
428,523
428,2544
429,1627
430,533
430,664
430,3840
432,2902
433,470
433,610
433,1264
433,2320
433,2401
433,2955
434,1408
434,4501
435,1806
436,829
436,877
436,946
436,1051
436,1177
436,3753
437,1342
437,3605
438,2000
438,2198
438,4108
439,689
439,3615
439,4164
440,773
440,796
440,1938
440,2241
440,2270
440,3155
440,3219
440,3454
440,4007
440,4185
440,4307
440,4395
440,4725
440,4981
441,1325
441,1651
441,3559
442,582
442,729
442,976
442,1791
442,2545
442,2615
442,3276
442,3619
442,3954
442,4321
442,4707
442,4971
443,545
443,3867
443,5001
444,2595
444,3951
446,1251
446,4915
447,1156
447,4553
450,1957
451,685
451,1876
451,2549
451,3713
451,3737
451,3817
452,720
452,1138
452,1575
452,2152
452,3574
452,4408
452,4723
453,1008
453,2964
453,3848
453,4543
454,702
454,954
454,1605
454,1677
454,2230
454,2643
454,3148
454,3304
455,4682
456,4684
457,602
457,634
457,922
457,1498
457,1911
457,1932
457,2469
457,2747
457,2824
457,3058
457,3220
457,3398
457,3425
457,4369
457,4711
457,4914
458,508
458,1206
458,1826
458,2194
458,2893
458,3384
459,688
459,869
459,1372
459,2403
459,2583
460,718
460,733
460,1447
460,1455
460,2405
460,4955
461,513
462,1852
463,1875
463,2047
463,2867
463,4239
463,4373
467,639
467,1645
467,2360
467,2829
467,3133
467,4823
468,789
468,2041
468,2091
468,3217
469,680
469,1122
469,1362
469,1480
469,2945
469,3870
470,924
470,1264
471,2542
473,1894
473,4584
474,876
474,961
474,1170
474,1614
474,1970
474,3712
474,4095
474,4872
475,579
475,1442
475,2204
475,2217
475,2423
475,2961
476,1382
476,1465
476,3430
477,1176
477,3516
478,4801
479,806
479,1144
479,1518
479,1540
479,1900
479,1967
479,2610
479,2917
479,3154
479,3557
479,3847
480,1229
480,3802
481,1019
481,1385
481,2879
481,4045
481,4071
482,569
482,746
482,824
482,1443
482,2850
482,3743
483,3404
483,4043
484,1732
484,1778
484,1881
484,2959
485,870
485,2853
485,3689
485,4648
487,4681
489,554
489,686
489,1040
489,1799
489,2567
489,4350
490,920
490,1943
490,1955
490,2189
490,3259
490,3609
492,494
492,546
492,715
492,1222
492,1232
492,2334
492,2365
492,2479
492,3261
492,3266
492,3950
492,4148
492,4484
493,1086
493,1727
493,1946
493,3198
493,3675
493,4105
493,4201
493,4210
494,3261
494,3450
495,887
495,3942
496,1318
496,2404
496,3068
496,3679
496,4069
497,691
497,701
497,745
497,810
497,1063
497,2034
497,2094
497,2242
497,3033
497,4560
497,4785
498,622
498,708
498,1460
498,1609
498,1757
498,3796
498,4718
499,1034
499,2130
499,2427
501,2496
502,592
502,1621
502,3682
502,4353
502,4617
503,544
503,613
503,891
503,1104
503,1185
503,2077
503,2235
503,2700
503,2742
503,2912
503,2996
503,4022
503,4195
504,683
504,813
504,966
504,1618
504,2640
504,3466
504,4351
504,4675
506,4591
508,1353
510,608
510,719
510,2594
510,2864
510,3318
510,4631
510,4749
511,621
511,759
511,981
511,1663
511,2310
511,3090
512,1628
512,1713
512,2924
512,3332
512,4286
513,1833
514,994
514,1135
514,1655
514,2856
514,3779
515,668
515,1002
515,1035
515,1740
515,3591
515,3760
515,4016
515,4792
516,693
516,819
516,1747
516,1904
517,2581
517,3623
519,1907
519,1945
519,2056
519,2332
519,3714
519,4319
519,4401
520,658
520,1053
520,1446
520,3719
520,4736
522,3996
523,530
523,934
523,1029
523,1458
523,1589
523,2544
523,3915
523,4193
524,1312
524,1581
524,2552
524,3312
524,3587
524,4804
526,845
526,1028
526,1058
526,1146
526,3206
526,3793
526,4361
528,769
528,1743
528,2196
528,2317
528,2443
528,2983
528,3306
528,3896
530,934
530,2118
531,1057
531,3786
532,650
532,894
532,939
532,1454
532,1661
532,2406
532,3000
532,4934
534,2183
535,2604
536,1045
537,1214
537,2553
538,687
538,823
538,1321
538,1741
538,2067
538,2123
538,2221
538,2698
538,2782
538,3077
538,4068
538,4715
539,2472
539,2981
539,3599
539,4296
539,4500
540,973
541,678
541,3039
541,4826
543,3264
543,3383
543,4343
544,613
544,875
544,1104
544,1832
544,3349
544,3546
544,4258
546,4484
547,792
547,1331
547,1530
547,1837
547,2517
547,2527
547,2685
547,3251
547,3429
547,3823
547,4147
548,809
548,1378
548,2303
549,827
549,3342
549,4877
550,1227
550,2535
550,3046
550,4815
551,1853
552,574
552,3390
553,743
553,1544
553,1688
553,3214
553,3697
553,4034
553,4485
553,4502
553,4547
554,686
554,1481
554,1799
554,2567
554,4274
555,2498
555,2811
555,3522
556,2350
556,2486
557,1537
557,2755
557,2797
557,2952
557,4092
558,4683
559,1733
559,2787
560,1143
560,1637
560,1703
560,2425
560,2513
560,3438
560,4028
561,821
561,2593
561,2764
561,2949
561,3126
561,3841
561,4839
562,1330
564,1440
565,714
565,880
565,1275
566,1573
567,947
567,1080
567,1119
567,1608
567,2021
567,2027
567,2244
567,3625
567,3874
567,4247
567,4314
568,857
568,1292
568,1958
568,2139
568,2272
568,2892
568,3620
568,4746
569,2850
569,3015
572,990
572,1081
572,1201
572,3136
572,4224
573,1617
573,1632
573,2246
573,2559
573,4779
573,4809
573,4903
574,754
574,899
574,1341
575,3275
575,4724
576,3550
578,3780
579,2423
579,2961
579,3145
580,598
580,698
580,758
580,805
580,898
580,1044
580,1154
580,1289
580,1348
580,1355
580,1424
580,1501
580,1821
580,1927
580,1963
580,2029
580,2111
580,2168
580,3160
580,3541
580,4127
580,4423
580,4559
580,4607
580,4867
581,1739
582,2191
584,2391
584,3180
584,4508
584,4534
584,4744
585,1383
585,1401
585,2869
585,2991
585,4249
585,4380
586,3578
586,3828
587,1585
587,2580
588,2562
588,2648
588,3149
588,3734
588,4566
589,730
589,1319
589,1410
589,4348
590,1406
590,4393
590,4394
590,4959
592,753
592,1621
592,2598
593,3163
595,3775
596,1327
597,1055
597,2753
597,3744
597,4188
598,758
598,805
598,2168
598,3278
599,1387
599,3240
599,4357
600,3325
601,1088
601,1169
601,1496
601,3632
602,3058
603,660
604,817
604,1920
604,2628
607,2409
608,719
608,1110
608,2651
608,2864
609,4709
610,1101
610,2058
610,4159
611,4435
612,736
613,1185
613,4022
614,616
614,1975
614,2010
614,3166
617,1283
618,656
618,1572
618,2678
619,699
620,2347
620,2381
620,3333
620,3403
620,3471
621,711
621,2310
622,3796
623,1358
623,3545
624,1681
625,3118
626,706
626,2051
626,2808
626,2971
626,4759
627,915
627,933
627,1338
627,3029
627,3291
627,4248
627,4593
628,953
628,1643
628,1965
628,3175
628,3365
628,4835
629,1762
629,2190
629,2801
629,3417
629,3687
629,4655
630,996
630,3585
630,3659
635,1633
635,3122
635,3356
637,2083
638,710
638,1123
638,4968
639,673
640,860
640,1103
640,1172
640,1989
640,2147
640,4653
640,4687
641,788
641,929
641,2376
641,2666
641,3171
641,3671
642,2296
643,649
643,652
643,1764
643,2216
643,2358
643,3756
643,4589
644,3247
645,744
645,1050
645,1323
645,1726
645,2626
645,2754
645,3060
645,3095
645,3368
645,3393
645,3733
645,4716
646,1841
647,1795
648,4086
649,652
649,1815
649,2125
649,2980
649,3452
649,3892
650,1855
651,2281
651,2664
652,1815
652,2125
652,2980
652,3452
652,3892
654,2460
654,2668
657,2470
659,1079
659,1268
659,1782
659,2065
659,2623
659,3761
659,4074
660,867
660,1921
661,2092
661,3053
661,4564
662,2109
662,2586
662,4541
663,2331
663,4271
663,4468
664,3657
664,3840
666,2529
666,2588
667,822
667,1884
667,2715
667,3917
668,1035
668,3591
668,3760
668,4445
669,1423
669,4537
671,1986
671,2896
671,3082
671,3376
672,1183
672,2136
672,3344
674,3076
674,4461
676,3492
677,735
677,1001
677,1023
677,1829
677,1969
677,3549
678,944
678,3039
678,3912
678,4826
679,3375
679,3500
679,3567
680,2945
682,2656
682,3273
682,3721
683,2341
686,1481
687,823
687,1189
687,1741
687,3077
688,1223
688,1372
688,3230
689,1788
689,3017
689,4833
690,731
690,738
691,701
691,2094
691,2737
691,4785
692,2731
693,819
693,1324
693,1747
693,2150
695,3385
697,756
697,1363
697,1675
697,2692
697,3834
697,4497
697,4945
698,716
698,799
698,1015
698,1071
698,1154
698,1277
698,1355
698,2102
698,2374
698,2402
698,2793
698,2886
698,2927
698,3123
698,3478
698,3903
698,4607
699,2234
699,2534
702,954
702,2643
702,3650
703,800
703,1118
703,1983
703,2809
703,3162
704,1117
705,978
705,1059
705,2855
707,1216
707,1700
707,2312
707,3047
707,4491
708,1609
708,2514
708,3048
708,4654
710,1123
710,4853
711,1164
711,2906
712,740
712,1280
712,1370
712,1538
712,1775
712,1951
712,2922
712,2934
712,3103
712,3751
712,4113
712,4721
713,1728
713,3338
714,1275
715,4089
715,4148
715,4467
716,799
716,2886
716,4368
717,2326
717,4470
718,752
718,1447
718,1870
719,1110
719,2594
719,2605
719,3270
719,4631
720,2152
720,3226
721,2998
721,3521
722,2419
723,1147
723,4840
724,1901
725,728
725,2521
725,3025
725,3789
725,4720
726,4712
727,882
727,1466
727,1723
727,1915
727,2248
727,2420
727,2689
727,2714
727,3117
727,3583
728,780
728,1685
729,1791
729,2250
729,2437
729,3182
730,1410
730,1772
730,4348
731,738
732,2942
732,4492
733,1377
733,2763
734,1580
734,1710
734,1802
734,2468
734,3716
735,969
735,1023
735,1829
735,2826
735,3032
737,2184
737,2708
737,3433
737,4870
741,925
741,2093
741,2851
741,4430
741,4894
743,1544
744,2626
744,3095
744,3393
744,3645
745,1063
745,1100
745,2017
745,2242
745,2407
745,2771
745,2973
745,3033
745,3373
745,3911
745,4363
747,956
747,1010
747,1061
747,1366
747,1704
747,2743
747,2769
747,3327
747,3590
748,4234
749,778
749,1880
749,2073
749,2085
749,2926
749,3554
749,4168
749,4797
750,3080
751,1180
753,2411
753,2598
753,3553
753,3763
753,3816
753,4454
754,899
754,1341
754,3648
754,4255
755,2215
755,3102
757,950
757,2789
757,4864
761,1141
761,1716
761,1785
761,2481
762,2386
763,1376
763,1699
763,2160
763,2872
763,3268
763,3527
763,4227
763,4283
763,4952
764,1020
764,1551
764,4301
765,1070
765,2779
765,4151
765,4849
766,979
766,3201
766,3416
766,3814
767,3057
769,1743
769,3306
769,3896
769,4678
770,1474
770,4197
771,1507
771,1674
771,2043
772,1064
772,2777
772,3644
772,3706
772,3723
772,4130
772,4287
772,4532
772,4661
772,4699
772,4700
773,1938
773,2966
773,3155
773,3454
773,4185
773,4981
774,998
774,1134
774,1168
774,1220
774,1433
774,1931
774,2170
774,2251
774,2276
774,2716
774,2800
774,2875
774,2999
774,3561
774,3656
774,4385
774,4420
774,4609
774,4615
774,4958
776,1246
776,2635
777,807
777,1441
777,2259
779,885
779,1007
779,1236
779,1839
779,2690
780,1685
780,1867
780,2766
780,4004
781,3129
781,3829
782,3707
782,3891
784,960
784,1030
784,1859
784,3209
784,3238
784,4173
786,1004
786,1108
786,2302
786,3939
786,4184
786,4551
786,4577
787,1471
787,2440
787,4866
788,2489
788,2666
788,3171
789,993
789,2324
790,1033
790,1112
790,4899
791,4646
793,992
793,1142
793,1207
793,1783
793,2208
793,2336
793,3019
793,4347
794,4616
795,1361
795,1482
795,2037
797,1089
797,1555
797,1718
798,987
798,2169
798,2913
798,3114
798,3845
798,3895
798,4003
798,4962
798,4986
799,1015
799,1071
799,1351
799,2374
799,2793
799,3903
799,3932
799,4368
802,878
802,3190
802,4407
803,1258
803,2835
803,3323
803,3406
804,1858
804,1895
804,2289
804,3661
805,4559
806,1144
806,1540
806,1900
806,1967
806,2050
806,2568
807,881
807,904
807,2259
808,2126
808,4263
810,4560
812,1489
812,1525
812,1542
813,1618
813,2410
813,2640
815,3300
816,2155
816,2986
816,3050
816,3462
817,879
818,1254
818,2233
818,2738
818,4206
818,4911
819,1324
819,2150
822,3917
823,2782
823,4309
824,861
824,1443
824,2663
824,3743
824,3766
824,3963
825,1487
825,1531
825,1624
825,1845
825,2848
825,3339
825,3366
825,3440
825,3886
826,1866
827,3342
828,1179
828,2575
828,2931
828,3321
828,3370
828,4082
828,4572
829,877
829,1177
829,2592
830,873
830,1102
830,1359
830,1502
830,3110
830,3936
832,2122
832,2694
833,943
833,1076
833,3055
833,3244
833,3402
834,942
834,1834
835,4207
836,1212
836,4109
836,4576
837,2565
837,3833
839,1577
839,1763
839,2953
839,3445
840,1162
840,2222
840,2602
840,3407
840,3428
840,4320
841,905
841,2600
841,2756
843,1386
843,1422
843,1475
843,1765
843,2057
843,2084
843,3176
843,3482
843,3807
843,3813
843,3865
843,3941
844,1226
844,2269
844,3345
844,3854
845,1058
845,3724
846,2228
846,3523
846,4038
849,2995
849,4886
850,1041
850,1244
850,1260
850,1335
850,2636
850,4376
850,4768
852,964
852,1052
852,1131
852,1267
852,1912
852,1985
852,2356
852,3628
852,4469
853,2252
853,2321
853,2484
853,3091
853,3127
853,3185
853,3552
853,4096
853,4863
854,1113
854,1752
854,2239
854,4782
856,1893
856,2806
856,4079
857,1292
857,2328
858,3027
858,3665
859,1095
859,1566
859,2036
859,2121
859,2124
859,2325
859,2512
859,3225
859,3739
859,3842
859,3918
859,4162
860,1103
860,1989
860,4653
861,3766
862,1662
862,2982
862,4625
863,1182
863,3269
864,1046
864,2352
865,1253
865,1413
866,1270
866,1597
866,1817
866,2144
866,2547
866,2810
866,3328
866,3560
866,4741
866,4814
866,4865
866,4882
868,872
868,1918
868,2120
868,2712
868,3271
868,3769
868,4964
870,1543
870,2853
870,4648
871,1668
871,1669
871,3677
875,921
875,997
875,1397
875,2211
875,2260
875,3900
876,1614
876,1693
876,1970
876,2238
876,2447
876,3712
876,3871
876,4370
876,4431
876,4872
879,1390
879,2245
881,3999
882,1466
882,1671
883,1245
883,2097
883,3864
883,3988
883,4269
885,4755
886,1684
886,1978
886,2033
886,3168
886,3235
886,3237
886,3857
886,3868
887,2815
887,3942
888,1954
888,3215
888,3538
888,3606
888,4789
889,2933
890,1364
890,4009
890,4381
891,2077
891,2235
891,2742
891,4208
892,1021
892,1452
892,2372
892,3187
892,4402
895,1400
895,1533
895,2088
895,2687
895,2958
895,3250
895,3434
895,3633
895,3717
895,4845
896,2550
896,2844
897,1077
897,1847
897,2799
897,3311
897,3824
897,4310
897,4382
898,1044
898,3541
899,3648
901,909
902,3922
902,4634
903,2520
903,3579
903,3818
904,2156
905,1647
905,2727
905,3089
905,4389
905,4722
906,1186
907,910
907,1194
907,2214
907,2261
907,2843
908,1188
908,3197
908,3851
910,1194
910,1393
910,2214
910,2548
911,2315
912,3736
915,933
915,1338
916,1082
916,1197
916,1299
916,1388
916,1707
916,1735
916,1850
916,1991
916,2031
916,2308
916,2367
916,2798
916,3499
916,4649
916,4670
916,4906
917,4172
917,4950
918,1709
918,3413
918,4306
919,2577
919,2802
919,3151
920,1092
921,997
921,2260
922,3220
925,4894
926,4453
927,1115
927,2167
928,2339
929,2376
929,2540
931,3233
932,4416
933,3029
933,4593
933,4664
935,2519
935,4570
936,1984
936,2563
936,2796
936,2984
936,3105
936,4908
937,2395
938,1392
938,3748
939,1661
939,4412
940,1249
941,1038
941,1457
941,2318
941,2457
941,3054
941,3729
942,2435
943,2105
943,2990
944,1459
944,2657
945,1203
945,2343
945,2608
945,3128
945,3357
945,4212
946,3038
946,3753
946,4735
947,3625
948,3504
948,4256
950,2525
952,1868
952,2488
952,3663
953,1643
953,1965
953,2283
953,2493
953,2745
953,4835
954,1677
955,2099
955,2497
955,4443
955,4733
955,4972
956,1704
956,3018
956,3327
957,1924
957,2114
957,3351
959,1462
960,4173
962,2072
963,2074
963,3315
964,1131
964,1238
964,1912
964,2003
964,2185
964,2396
964,2461
964,2673
964,3487
964,3628
964,3920
965,3253
965,3811
967,1886
968,2188
969,2826
970,1660
971,1520
971,2684
972,2030
972,3062
972,3705
974,1026
974,3693
975,2720
975,4740
976,1311
976,1691
976,1787
976,1796
976,1828
976,3236
976,3806
976,3954
976,4000
976,4387
976,4738
976,4799
977,3130
977,4754
978,4913
979,3814
980,1031
980,1720
980,3503
982,4405
983,1574
983,2362
983,3488
983,4335
984,2455
984,2752
985,3953
987,3114
987,3143
987,4962
989,1132
990,1158
990,1201
990,1808
990,1819
990,2845
990,3639
990,4243
990,4325
990,4432
992,1142
992,1145
992,1783
992,2500
992,3346
992,3765
992,4010
992,4415
995,1296
995,1724
995,2554
995,2744
998,1168
998,2170
998,2716
998,4558
999,1153
999,1337
999,1403
999,1980
999,2398
999,3880
999,4128
1000,1347
1002,1740
1002,2107
1002,3263
1002,4303
1002,4873
1003,2749
1003,2840
1003,3069
1003,3860
1003,4067
1003,4154
1003,4327
1004,1054
1004,3119
1004,4097
1004,4551
1005,1734
1005,2871
1005,3084
1007,1711
1007,1823
1007,1839
1009,1218
1009,4367
1010,2743
1011,3519
1011,4322
1012,1571
1012,1623
1012,2290
1012,2697
1012,3307
1013,1620
1013,1697
1013,3135
1013,3167
1013,3595
1015,1351
1016,1247
1016,3773
1017,2804
1017,3980
1018,1599
1018,2452
1018,3700
1018,3898
1018,4024
1018,4456
1018,4610
1019,2879
1020,1551
1020,2773
1021,2372
1021,2414
1021,4402
1022,3476
1025,1755
1025,2482
1025,3388
1026,2558
1026,3693
1026,4073
1026,4868
1029,1380
1029,2638
1031,1720
1031,2416
1032,1485
1032,3004
1032,3037
1034,1682
1035,4016
1037,4604
1038,3533
1041,1715
1041,1857
1041,2528
1041,3313
1041,4042
1041,4796
1042,1282
1042,1467
1042,1522
1042,3282
1042,3472
1042,3862
1043,1561
1043,1930
1044,1424
1044,1821
1044,2111
1044,2384
1047,2654
1049,2378
1051,2950
1052,1230
1052,3528
1053,1446
1053,2477
1053,4736
1055,1069
1059,1415
1059,3222
1061,2108
1061,2454
1061,2900
1063,1100
1063,3911
1064,4130
1065,2475
1066,1302
1067,2394
1067,3456
1067,4110
1067,4111
1067,4272
1068,2504
1070,2193
1070,4151
1070,4926
1072,2920
1073,2897
1074,1272
1074,1301
1074,3890
1074,4798
1077,1559
1077,1847
1077,2972
1077,5000
1078,4014
1080,1368
1080,1608
1080,2244
1080,2348
1080,2901
1081,3136
1082,1174
1082,4670
1083,1259
1083,4464
1084,1228
1084,1470
1084,2830
1084,2923
1085,1994
1086,2963
1087,1534
1087,2682
1087,3292
1087,4816
1089,2131
1089,2677
1090,2876
1090,4122
1091,1689
1091,1774
1091,1944
1091,2436
1091,2721
1093,2038
1094,1126
1095,2036
1095,2522
1095,3174
1096,1343
1096,1472
1096,3085
1098,4503
1099,1139
1099,1395
1099,1596
1099,1926
1099,3257
1099,3424
1100,2771
1101,4429
1103,2147
1106,1492
1107,2572
1107,3453
1108,3939
1108,4515
1109,1242
1109,1430
1109,3386
1109,3788
1109,4438
1109,4857
1110,2605
1111,1500
1111,1878
1111,2957
1111,4018
1112,2104
1112,3120
1113,1431
1113,2239
1113,3066
1113,3409
1113,4890
1114,1848
1114,2068
1114,2138
1114,2518
1114,4085
1117,1250
1117,4688
1117,4831
1118,1983
1119,1789
1119,2021
1119,2508
1119,3940
1120,1648
1120,3044
1122,1362
1122,1480
1122,1942
1122,2516
1122,2832
1122,3014
1122,3515
1122,3704
1122,4119
1122,4199
1124,1514
1124,3511
1124,4041
1124,4910
1125,1560
1125,1695
1125,1801
1125,2192
1125,2327
1125,2767
1125,2975
1125,4713
1126,1133
1126,2075
1129,1322
1130,1749
1131,1238
1131,2185
1131,3920
1133,2075
1133,2385
1134,2999
1134,3561
1134,3916
1134,4182
1135,1655
1135,3897
1135,3965
1136,1702
1136,2157
1136,3272
1139,3424
1140,1352
1140,1557
1140,2805
1140,2938
1140,3812
1140,4538
1140,4734
1141,2481
1142,1145
1142,1178
1142,1379
1142,2199
1142,4415
1143,1637
1143,2438
1145,1178
1145,4010
1146,3800
1147,4021
1149,1891
1152,1562
1152,1898
1152,2659
1152,3359
1152,3414
1152,3443
1152,3725
1153,1980
1154,1501
1154,2402
1154,2556
1154,2817
1154,3513
1154,3678
1154,4124
1154,4127
1154,4743
1155,1369
1156,1463
1156,4057
1156,4129
1156,4666
1157,1529
1157,2985
1157,4668
1159,3267
1160,4414
1161,1549
1161,2619
1161,2672
1161,3642
1166,4114
1166,4933
1167,1816
1167,1885
1168,1220
1168,1999
1169,1496
1169,3632
1173,2674
1175,2930
1175,4480
1175,4862
1176,3516
1178,1379
1178,4663
1179,3370
1179,4031
1179,4565
1179,4572
1181,1896
1181,2313
1181,2571
1182,3750
1182,4317
1182,4645
1183,2136
1184,3688
1185,2700
1185,3531
1185,3791
1187,4851
1191,1604
1191,2022
1191,3506
1191,4051
1191,4396
1194,1393
1194,2261
1194,2548
1194,4304
1196,3658
1196,4417
1197,1299
1197,1374
1197,1388
1197,1707
1197,2031
1197,2142
1197,2655
1197,3783
1197,3984
1197,4539
1197,4649
1197,4858
1199,2660
1199,3147
1200,3884
1200,4181
1201,3639
1201,4138
1201,4224
1201,4426
1202,1394
1202,3184
1202,4677
1202,4692
1203,3357
1203,4837
1204,1276
1204,3670
1205,2293
1205,2837
1205,3668
1206,2785
1208,1271
1211,2285
1212,1854
1215,1564
1216,3047
1220,1433
1220,1999
1220,2276
1220,4420
1221,1546
1221,1872
1222,1646
1222,2555
1222,3699
1222,4064
1222,4345
1223,2911
1224,1913
1224,1940
1224,3435
1224,3881
1224,4544
1224,4708
1228,1470
1228,1988
1228,2282
1228,2884
1230,3528
1230,4253
1233,2166
1234,2012
1234,2323
1234,3303
1234,3556
1235,2175
1235,4477
1236,1497
1236,1719
1236,3063
1236,4056
1236,4460
1237,3295
1237,3418
1238,2461
1239,2117
1239,2576
1239,3893
1240,1672
1243,3111
1243,3526
1243,4084
1244,2015
1244,4806
1245,4269
1247,2445
1247,3773
1251,2103
1251,3378
1252,1630
1253,1413
1253,4597
1254,2233
1256,1933
1258,3323
1259,4464
1260,1335
1260,2636
1260,3137
1261,3152
1263,3489
1264,2401
1265,1284
1265,2842
1265,3265
1266,3708
1266,4924
1267,2356
1267,2882
1267,4940
1268,3761
1270,1297
1271,2704
1273,2400
1273,3653
1274,3262
1274,3371
1276,1426
1277,2927
1277,3064
1277,4579
1278,1281
1278,1586
1278,1631
1278,2262
1278,4409
1279,1760
1279,3618
1280,1370
1280,1538
1280,1610
1280,1890
1280,2922
1280,3749
1281,1631
1281,4463
1282,3862
1283,2060
1283,2813
1283,3284
1285,2978
1285,4869
1286,1804
1286,3010
1286,4672
1288,2178
1289,1348
1289,1508
1289,1600
1289,1650
1289,3218
1291,1892
1291,2224
1291,3908
1292,2328
1293,1835
1293,3397
1294,4521
1296,1554
1296,1724
1296,2554
1296,2744
1296,3581
1296,3958
1296,4150
1296,4729
1296,4930
1297,3501
1298,3741
1299,1374
1299,1735
1299,2014
1299,3499
1299,3984
1300,1842
1300,1966
1300,2757
1300,2970
1300,3759
1300,3919
1300,4428
1301,4798
1302,2353
1302,3691
1302,4115
1303,2889
1303,3056
1304,3993
1304,4974
1305,1371
1305,1435
1305,1539
1305,1683
1305,1888
1305,2140
1305,2182
1305,3929
1305,4055
1306,4155
1308,2849
1310,1827
1310,2101
1310,3049
1310,3468
1310,3518
1311,4799
1314,2062
1314,2163
1315,2278
1316,4871
1317,1469
1318,1547
1318,4144
1320,1419
1320,3193
1322,3921
1323,1726
1323,2112
1323,2754
1325,3559
1325,4967
1328,4643
1329,3186
1330,4315
1330,4519
1330,4658
1333,1444
1333,2607
1334,3469
1335,3137
1336,2560
1337,1403
1337,2398
1337,4100
1340,3045
1340,4378
1341,4255
1343,3085
1344,1805
1344,2783
1344,3850
1344,3938
1344,4025
1346,3074
1348,1508
1348,1927
1348,3218
1350,2795
1350,2891
1350,4121
1350,4392
1350,4511
1352,2847
1353,4693
1354,1877
1354,3195
1357,3131
1357,3754
1357,3832
1357,4011
1357,4077
1359,2305
1359,2784
1360,1421
1361,4103
1362,2516
1362,3515
1362,3704
1362,4119
1362,4199
1363,3834
1364,1905
1364,2591
1364,2616
1364,2748
1364,3116
1364,3948
1365,2857
1365,3140
1365,3179
1365,3792
1365,4830
1366,2769
1366,3957
1367,3480
1367,4762
1368,2901
1368,4404
1369,4530
1369,4976
1370,3751
1371,1539
1371,1683
1371,1811
1371,2059
1371,2210
1371,2620
1371,2937
1371,3929
1371,4055
1371,4818
1372,2403
1372,2415
1372,3230
1374,2014
1374,2142
1374,3043
1375,1756
1375,2161
1375,2304
1375,3335
1375,3790
1375,4703
1375,4813
1376,1699
1377,2763
1379,2199
1379,4663
1380,2638
1381,1565
1381,1590
1381,2788
1381,3470
1381,3715
1382,3430
1385,4071
1386,2084
1386,2814
1386,2987
1388,4858
1389,1742
1389,2965
1389,4498
1390,2969
1391,1503
1393,4304
1394,4677
1397,2211
1397,2422
1397,3900
1398,1445
1398,2691
1398,4665
1399,1698
1399,4238
1400,1814
1400,2958
1400,4049
1402,1570
1402,1794
1402,3172
1403,4128
1404,1640
1404,2173
1404,3028
1404,3465
1404,3602
1404,4583
1406,1550
1406,1603
1406,1871
1406,3274
1406,3925
1406,4393
1406,4874
1407,2255
1407,2874
1407,3451
1407,3964
1407,4366
1408,2137
1410,1772
1410,2587
1411,1536
1411,2220
1411,2962
1411,3124
1412,2539
1412,4275
1412,4277
1414,2005
1415,1453
1415,1535
1415,3672
1415,3979
1415,4158
1416,2297
1417,2307
1418,4027
1420,1483
1420,1642
1420,1939
1420,1982
1420,4157
1422,1475
1423,4537
1424,2029
1427,4982
1428,3683
1429,2641
1429,3598
1434,1524
1434,2650
1434,3949
1436,1861
1436,2621
1436,2899
1438,1751
1438,3305
1442,2541
1443,2663
1444,2607
1444,3106
1445,2691
1445,4257
1448,3593
1450,1519
1450,2264
1450,2887
1450,3104
1450,3158
1455,2863
1455,4015
1457,2457
1460,1757
1460,2019
1460,2153
1460,3021
1461,1959
1461,2128
1461,3432
1463,2390
1463,4057
1466,1915
1466,2420
1467,1696
1468,3746
1468,3991
1468,4223
1468,4494
1469,1504
1470,1988
1470,2466
1471,4866
1475,3813
1475,3941
1477,2002
1479,3191
1480,2832
1480,4390
1482,2037
1482,2412
1482,3977
1482,4048
1485,3037
1485,4033
1486,4372
1487,3065
1487,4058
1488,1800
1489,1525
1490,1595
1490,2309
1490,3481
1490,3981
1490,4446
1491,4037
1493,2759
1493,4811
1495,1849
1495,4642
1497,4056
1497,4460
1497,4516
1500,1878
1500,2957
1501,2556
1501,2817
1501,4328
1501,4743
1506,2686
1506,3228
1506,3876
1507,1649
1507,4329
1507,4506
1509,1510
1509,4596
1510,4596
1511,2936
1513,1797
1513,2054
1513,3380
1513,3535
1514,1910
1517,1968
1518,2610
1518,4621
1520,2578
1520,2684
1521,2087
1521,3382
1521,3803
1521,4186
1522,2476
1527,3203
1527,4788
1529,2985
1529,4668
1532,3998
1534,2028
1534,3242
1535,4158
1537,1582
1538,1775
1538,1890
1538,1951
1538,2934
1539,1811
1539,1888
1539,2059
1540,2050
1540,2159
1540,2225
1540,2382
1540,2568
1540,4316
1540,4330
1540,4656
1542,2418
1544,4485
1548,1792
1548,2366
1548,2632
1548,3072
1548,4455
1549,3642
1549,4786
1552,1615
1552,1679
1552,2226
1552,3423
1552,3525
1552,4163
1552,4297
1553,3022
1555,1718
1556,2566
1556,3966
1557,4538
1558,1667
1559,2511
1559,5000
1560,2192
1560,4713
1562,3443
1562,4486
1563,3696
1564,4667
1565,1590
1565,2291
1565,3715
1566,1592
1566,2723
1566,3842
1568,1923
1568,2506
1568,3061
1571,3564
1571,3777
1571,4525
1572,2678
1574,2362
1574,2652
1574,3961
1576,1810
1576,3726
1578,2432
1578,4635
1578,4920
1579,4203
1581,3587
1581,3731
1582,2349
1586,4409
1588,1602
1588,1746
1588,1776
1588,2081
1588,2941
1588,3329
1588,3507
1588,3571
1588,3837
1588,4175
1588,4342
1588,4399
1588,4561
1588,4948
1592,3752
1593,1594
1593,2770
1593,4459
1593,4697
1594,2770
1595,2007
1597,2810
1597,3560
1598,2004
1598,2465
1598,4731
1599,2452
1599,2846
1602,2081
1604,1635
1604,2022
1604,2918
1604,4051
1605,2230
1605,2495
1605,3555
1607,1644
1607,3013
1607,3142
1607,4219
1609,2514
1610,1947
1610,2364
1610,2667
1610,3749
1610,4165
1611,4765
1613,2018
1615,1665
1615,1679
1615,4481
1615,4569
1616,3978
1617,1632
1617,2071
1617,4630
1617,4903
1619,1882
1619,2439
1619,2713
1619,3165
1619,3720
1619,3782
1620,1680
1620,1697
1621,4353
1622,1822
1623,2290
1623,2722
1623,3631
1623,4359
1623,4669
1623,4979
1624,1845
1625,1666
1626,2976
1626,3738
1626,3768
1628,4998
1632,2071
1632,2812
1632,3009
1632,4630
1633,2705
1633,3122
1633,3216
1633,3356
1634,3192
1634,4909
1635,2918
1635,3909
1637,3438
1638,3586
1640,2173
1640,3465
1640,3602
1640,4989
1641,4478
1642,2463
1642,3381
1643,2283
1643,2745
1643,3175
1646,2555
1647,3089
1648,3044
1649,4329
1649,4506
1651,1952
1651,2910
1652,2739
1652,2780
1654,1712
1654,2803
1655,3897
1656,3825
1656,4354
1656,4787
1657,4706
1659,1860
1659,1916
1659,2625
1659,4338
1659,4766
1661,4412
1664,2499
1664,4923
1666,2627
1666,3563
1667,1825
1667,2174
1667,2286
1667,3299
1667,3686
1667,4052
1668,3677
1673,1992
1673,2852
1674,1798
1674,2612
1674,3041
1674,3314
1675,2692
1676,2703
1676,2870
1676,3358
1678,4836
1679,4569
1680,1949
1680,3394
1683,2620
1683,2937
1683,3540
1684,1978
1684,2187
1684,3235
1685,4004
1691,1787
1691,1796
1691,3806
1693,2447
1694,4614
1695,1801
1696,3290
1697,3167
1697,3595
1697,3838
1697,4632
1697,4652
1697,4883
1698,2601
1698,4238
1700,2312
1700,3664
1701,2049
1705,3415
1705,3520
1705,3608
1705,4679
1706,2240
1706,3396
1708,3326
1708,4527
1709,1909
1709,4280
1709,4306
1709,4891
1711,1823
1712,3781
1712,3930
1713,2924
1714,2133
1714,2253
1714,2311
1714,2825
1714,3067
1714,3646
1714,4571
1714,4674
1715,2528
1715,3199
1715,4042
1715,4796
1719,2045
1719,3572
1719,3822
1722,2480
1722,3621
1723,2248
1723,2671
1723,2714
1723,3020
1725,3343
1727,2330
1727,3573
1727,4568
1728,3547
1728,3962
1729,2042
1729,4808
1730,2148
1730,2164
1730,2557
1730,2827
1733,1831
1734,2649
1736,2078
1737,3568
1738,2451
1738,2696
1740,2107
1740,3263
1740,4975
1741,2221
1741,4068
1743,2196
1744,2089
1746,3173
1746,3234
1747,1904
1747,3681
1747,4160
1747,4520
1748,4850
1751,1934
1751,3305
1755,2585
1756,2161
1756,2304
1756,3335
1757,2153
1757,3021
1758,3624
1761,4778
1764,1971
1764,1993
1764,2358
1764,3756
1767,3927
1768,2859
1768,4017
1769,2171
1769,2342
1772,2587
1772,2670
1772,3319
1773,3360
1773,3498
1774,2086
1774,4177
1777,2212
1777,3113
1778,2653
1779,4090
1779,4218
1780,2306
1781,2076
1783,2208
1786,2016
1786,2026
1788,1925
1788,3017
1789,3622
1790,2006
1790,3012
1790,4104
1790,4820
1792,2366
1792,3072
1796,4000
1796,4738
1797,2538
1797,3380
1797,3885
1797,4241
1801,2327
1802,3716
1802,4737
1802,4878
1805,2783
1805,3850
1808,3534
1808,4325
1808,4727
1809,4156
1809,4346
1812,1981
1812,3477
1813,2061
1813,2413
1813,2820
1813,2831
1813,2881
1813,3849
1813,4044
1813,4171
1813,4988
1814,4035
1816,1885
1818,2868
1818,2988
1818,3255
1819,4432
1820,3079
1821,2384
1821,3160
1824,2319
1824,3227
1826,2503
1826,3384
1827,2101
1830,2354
1830,4339
1830,4802
1832,3546
1832,4444
1836,4294
1837,2685
1837,3260
1838,2181
1838,2611
1838,2898
1841,2316
1841,4112
1842,1966
1844,3610
1844,4595
1844,4996
1845,2848
1846,2149
1847,2799
1847,2972
1847,3824
1848,2068
1848,2138
1848,2213
1848,2518
1849,1948
1852,3302
1852,4696
1854,2265
1854,4267
1855,2724
1856,2775
1858,1917
1860,2625
1860,3692
1860,4338
1861,2899
1862,3341
1867,2766
1867,3446
1867,4323
1868,4293
1870,2606
1870,2706
1870,3484
1870,4237
1870,4295
1871,3925
1871,4242
1871,4874
1876,2549
1876,3737
1880,2073
1880,3494
1881,2839
1882,2713
1882,3782
1883,4333
1883,4943
1892,2224
1894,4065
1894,4099
1894,4584
1895,3078
1896,2571
1896,3075
1896,3536
1897,3931
1897,4299
1898,2659
1899,2596
1899,3391
1899,4775
1902,2858
1902,3239
1904,3681
1904,4160
1904,4825
1905,2591
1907,2056
1907,2371
1907,4401
1907,4489
1907,4919
1908,2751
1909,2115
1911,2824
1911,4369
1912,2003
1912,4770
1916,4143
1916,4344
1918,1962
1918,3121
1921,2464
1921,2732
1921,3016
1921,4341
1923,2274
1923,3061
1924,2114
1924,3351
1928,4474
1929,2158
1929,2772
1929,2866
1929,3354
1931,2251
1931,4615
1932,2747
1934,3866
1935,2172
1935,4507
1940,4708
1942,3878
1944,2436
1944,3258
1944,4270
1945,2332
1945,3745
1945,4513
1945,4686
1946,3675
1949,3394
1952,2322
1952,2910
1953,2258
1954,3538
1954,4789
1954,4832
1955,2223
1955,4337
1956,2836
1957,2935
1958,2272
1958,2968
1958,3620
1958,4746
1958,4973
1959,3246
1960,3243
1960,3377
1960,4413
1961,4524
1962,4767
1962,4824
1966,3919
1969,2284
1970,2238
1970,4095
1970,4370
1972,2637
1973,2236
1976,3603
1977,2733
1978,3168
1978,3868
1979,2878
1979,4174
1982,4157
1983,2809
1983,4132
1984,2563
1984,2984
1984,4908
1986,3376
1988,2466
1988,2884
1991,4960
1996,2860
1996,2940
2002,2507
2003,2396
2003,3487
2003,4770
2004,2465
2006,2337
2008,2373
2008,3350
2011,2462
2011,3156
2012,2323
2012,2904
2012,3303
2012,3556
2015,4806
2016,2026
2018,3952
2020,4300
2020,4794
2021,3874
2028,3493
2030,3062
2032,4557
2036,2522
2036,3225
2037,2412
2039,2569
2039,4120
2040,2492
2040,3548
2040,4912
2043,2573
2044,3086
2048,2206
2050,2159
2050,2382
2050,4330
2050,4656
2053,2633
2053,2880
2053,2944
2053,2989
2053,3248
2053,4433
2054,3535
2055,2280
2056,2371
2056,3714
2056,4919
2057,2505
2057,3176
2058,3353
2060,3284
2061,2351
2064,2561
2067,4715
2069,3457
2071,2812
2071,3009
2073,3494
2073,3554
2074,3001
2074,4262
2075,2385
2077,4195
2084,2814
2085,2926
2085,3097
2085,4168
2086,4177
2087,3382
2087,3803
2088,3633
2091,3956
2092,4564
2093,2389
2093,3181
2096,3035
2097,3864
2099,4673
2100,2207
2100,3539
2101,3049
2103,2154
2103,3378
2103,4002
2104,4623
2107,4303
2108,2454
2109,4541
2110,2134
2116,2485
2119,3281
2121,4162
2124,2325
2124,2512
2124,3739
2124,3918
2124,4046
2129,2426
2129,4225
2129,4598
2130,3285
2133,2428
2133,2825
2133,3067
2133,4807
2136,3344
2139,4514
2140,2294
2140,4062
2141,3081
2141,4636
2142,2655
2142,3043
2142,3783
2142,4611
2142,4694
2145,3003
2148,3673
2154,2179
2154,4452
2155,4427
2156,2483
2156,3467
2159,2225
2159,3071
2160,2467
2164,2557
2169,4437
2169,4545
2170,3656
2170,4958
2172,4231
2173,4583
2174,3584
2174,4638
2176,3207
2181,3821
2182,3855
2184,2490
2184,2546
2184,4313
2184,4640
2186,2680
2187,2709
2188,2433
2188,3611
2188,4900
2190,2801
2191,2359
2191,4848
2192,2975
2195,2229
2195,2613
2195,3320
2195,4624
2196,2317
2196,2983
2197,2254
2197,2746
2197,4026
2202,4562
2203,3771
2203,4137
2203,4298
2205,2861
2209,4902
2210,2919
2211,2422
2211,3883
2214,2843
2216,4230
2219,4251
2220,2603
2220,3495
2220,4290
2221,2698
2222,3407
2222,3428
2225,3071
2226,4163
2227,2441
2229,4966
2230,2495
2232,2335
2232,2618
2232,3011
2233,2738
2233,4206
2233,4911
2236,2693
2236,4061
2236,4434
2237,4546
2239,4782
2240,3396
2241,2270
2242,2407
2242,2956
2242,4689
2244,2348
2246,2559
2247,2344
2247,3473
2248,2671
2248,3020
2248,3583
2252,2321
2252,3127
2252,3552
2252,4490
2255,2533
2255,2874
2255,3451
2255,4106
2255,4282
2256,2329
2264,3104
2264,3158
2268,4439
2269,3345
2269,3839
2269,3854
2269,4213
2270,3219
2270,4395
2272,4973
2279,3241
2279,3989
2282,3532
2283,2493
2284,4957
2286,3686
2287,2710
2287,2977
2287,4599
2289,2695
2290,3631
2290,4359
2290,4979
2292,3858
2297,3589
2299,4066
2301,3776
2301,4153
2301,4644
2303,4918
2305,3774
2308,2367
2308,4906
2309,3481
2311,2617
2311,3277
2311,4571
2311,4674
2312,3664
2315,3702
2316,3374
2316,4112
2318,3054
2318,3634
2318,3729
2318,3747
2319,4897
2320,2955
2321,4490
2323,2904
2326,4470
2329,3616
2332,3745
2332,4513
2334,2479
2335,2618
2336,3364
2336,4347
2344,4504
2345,4942
2350,2486
2350,4403
2354,4339
2354,4802
2359,4848
2360,2740
2360,2829
2360,3098
2360,3133
2360,4250
2360,4358
2362,2652
2362,3961
2364,4165
2366,2632
2366,4455
2369,2877
2369,3990
2369,4192
2375,3092
2377,3685
2379,2761
2379,3412
2379,4552
2380,2791
2380,2854
2381,3333
2382,4316
2386,3059
2387,3907
2387,4200
2392,2630
2394,2707
2394,3649
2394,4466
2396,2673
2398,4100
2399,3626
2403,2415
2403,4881
2407,2956
2407,4689
2411,3553
2415,4881
2416,2794
2420,2689
2421,3426
2422,3883
2425,4424
2425,4517
2427,4586
2428,3869
2429,4331
2429,4660
2431,4983
2432,4635
2432,4920
2434,2639
2434,3906
2434,4936
2444,4529
2446,2523
2448,4072
2449,4362
2450,3976
2452,2846
2452,4024
2455,2752
2455,3969
2458,2883
2460,2951
2460,3324
2460,3651
2460,4118
2463,3381
2469,3514
2472,4296
2478,2776
2492,4912
2497,4443
2497,4733
2498,3460
2498,4087
2498,4790
2500,3346
2500,3765
2509,2928
2512,4046
2513,3562
2513,3797
2514,3048
2515,3073
2517,4147
2518,4085
2520,3818
2521,3025
2521,4720
2522,3174
2526,2750
2526,2821
2527,3251
2527,4929
2528,3199
2529,2588
2530,4436
2535,4815
2540,3496
2540,3612
2544,3915
2547,4882
2550,2844
2550,3298
2555,3699
2555,4064
2557,2827
2558,4073
2563,2796
2564,3150
2564,3245
2564,4760
2567,4274
2571,3075
2576,4374
2579,2818
2581,3623
2582,3005
2587,2670
2589,4922
2591,3116
2591,4040
2591,4410
2593,2764
2594,3270
2598,3816
2599,4107
2599,4400
2603,4585
2607,3106
2608,3128
2609,3132
2609,3379
2609,4764
2610,2917
2613,2717
2614,4075
2615,4707
2616,2748
2621,3444
2623,4133
2624,3294
2624,4117
2624,4512
2627,3563
2633,2989
2633,4499
2635,2658
2635,2661
2635,2822
2635,2828
2635,3422
2639,3906
2639,4936
2646,3502
2648,4566
2650,2734
2650,3949
2657,3479
2658,2822
2658,3094
2658,3594
2658,4827
2659,3725
2659,4215
2661,2828
2661,3439
2665,4728
2667,4187
2670,3319
2670,4935
2675,4284
2675,4916
2676,4391
2681,4318
2683,3982
2686,3228
2687,3250
2687,3815
2687,4845
2688,4261
2689,3117
2689,3232
2691,4665
2693,4226
2696,3947
2700,3531
2700,3791
2700,3968
2700,4907
2702,3051
2702,3461
2702,3819
2707,3649
2708,3433
2709,4036
2709,4685
2713,3165
2713,3720
2716,2800
2716,2875
2716,3410
2716,4385
2716,4609
2716,4781
2720,4740
2721,4419
2723,4462
2724,4533
2729,2921
2729,2947
2729,3640
2729,4970
2729,4997
2731,4020
2733,4334
2734,2786
2735,3395
2737,3569
2739,2780
2739,4803
2741,4355
2742,2912
2742,3134
2743,3590
2753,3744
2754,3060
2754,3368
2754,3733
2755,2952
2758,3879
2758,4493
2758,4944
2759,4811
2761,3412
2761,4552
2766,3446
2770,4459
2770,4697
2775,4748
2778,3125
2778,4472
2780,4803
2781,3096
2781,3757
2782,4309
2789,3530
2794,3643
2795,4121
2800,3410
2800,4781
2804,3252
2804,3992
2808,3684
2809,3162
2809,4132
2810,4741
2816,3317
2816,4252
2817,3513
2817,3678
2817,3928
2817,4328
2820,3849
2822,3094
2823,3200
2828,3439
2829,3098
2829,4823
2831,2881
2832,4390
2834,3436
2834,3863
2840,3069
2840,3730
2850,3015
2851,3580
2857,3140
2857,3179
2860,2940
2860,3669
2860,3772
2860,3910
2860,4805
2864,4749
2872,3268
2872,3527
2872,4283
2872,4898
2874,4106
2876,4122
2882,3844
2882,4940
2885,3107
2886,3478
2888,3902
2889,3056
2894,3698
2894,4828
2896,3082
2900,4626
2909,4465
2912,3134
2912,3613
2913,3845
2918,3909
2930,4549
2930,4862
2931,4244
2934,3103
2937,3540
2937,4818
2938,3812
2939,3101
2939,3654
2940,3669
2940,3910
2946,3034
2946,4083
2947,4191
2948,3224
2951,3153
2951,3324
2951,4523
2961,3145
2969,3509
2971,4308
2973,3373
2976,3738
2986,3050
2986,4384
2986,4473
2988,3255
2988,3497
2989,4433
2989,4499
2992,4941
2995,4886
2998,3521
3001,4262
3003,3971
3003,3986
3011,4190
3011,4582
3013,3142
3022,4383
3023,4377
3026,4887
3030,4690
3037,4033
3042,3943
3043,4611
3048,4654
3064,4587
3066,3409
3068,4772
3075,3536
3076,4254
3084,3087
3087,4482
3088,3873
3088,4039
3089,4722
3094,4827
3095,3645
3096,3757
3098,4250
3105,3722
3108,4758
3116,4040
3117,3232
3122,3216
3126,3411
3127,4863
3132,4063
3134,3613
3135,4088
3135,4821
3139,4695
3139,4812
3141,3208
3141,3600
3141,4704
3144,4149
3144,4180
3146,4202
3148,3188
3153,4523
3157,4773
3161,4214
3167,3838
3167,4632
3173,3234
3173,3508
3173,3629
3177,3889
3178,3310
3178,4178
3180,4349
3182,3308
3183,4747
3188,4245
3188,4332
3193,3592
3193,4023
3196,4753
3197,3851
3203,4788
3205,3288
3205,4639
3206,4361
3206,4901
3211,3491
3217,3544
3219,4725
3223,4001
3228,3876
3233,3709
3233,3904
3233,4590
3233,4844
3234,3508
3234,3629
3234,4479
3238,3577
3239,3596
3240,3537
3241,3989
3243,3377
3248,3361
3251,4929
3252,3992
3255,3497
3257,3597
3257,4769
3258,4270
3261,3450
3261,3950
3263,4975
3264,4343
3273,3721
3278,3732
3287,4702
3296,4581
3298,3877
3310,4178
3313,4196
3313,4450
3319,4935
3320,4624
3320,4628
3321,4082
3324,3651
3324,4118
3329,3571
3331,4574
3332,3794
3332,4292
3335,4703
3335,4813
3345,3839
3348,4992
3349,4258
3355,3635
3355,4289
3357,4837
3358,3872
3362,4418
3362,4838
3371,4326
3371,4710
3373,4363
3375,3567
3378,4002
3382,4186
3385,4893
3386,4302
3395,4563
3399,4411
3415,3520
3416,3795
3417,3687
3418,4476
3427,3565
3427,3727
3427,4240
3427,4817
3435,3881
3435,3987
3443,4486
3446,4323
3449,4980
3451,3964
3451,4366
3454,4007
3454,4307
3454,4662
3456,4110
3456,4142
3458,4324
3463,4726
3466,3905
3466,4351
3471,4550
3483,4627
3484,4237
3484,4364
3489,4278
3495,4290
3496,3612
3508,4479
3511,4041
3511,4910
3513,3928
3513,4124
3513,4268
3517,3695
3520,3608
3527,4227
3528,4253
3531,4907
3533,4841
3537,3810
3538,4832
3539,4356
3542,3974
3543,4305
3544,4145
3544,4855
3553,4454
3559,4967
3561,3916
3561,4182
3562,3797
3565,3808
3568,4161
3570,3787
3571,3837
3571,4175
3571,4342
3571,4618
3571,4990
3574,4723
3576,3899
3577,4800
3581,4793
3587,3731
3595,4652
3602,4989
3608,4679
3610,4595
3610,4938
3610,4996
3611,4900
3627,4228
3631,4669
3633,3717
3633,4265
3635,4289
3635,4522
3639,4138
3640,4222
3640,4834
3644,4287
3644,4661
3652,4548
3658,4179
3658,4417
3662,4311
3667,3970
3667,4233
3667,4810
3676,3826
3680,3735
3681,4520
3681,4825
3694,4776
3696,4126
3697,4502
3702,4183
3702,4209
3706,4532
3707,3891
3708,4050
3708,4924
3716,4737
3717,4265
3723,4699
3725,4215
3728,4442
3728,4671
3728,4783
3729,3747
3746,4494
3750,4317
3750,4645
3751,4113
3762,3852
3763,3831
3763,4536
3766,3963
3772,4805
3777,4032
3778,4098
3783,4694
3785,3836
3785,3846
3791,3968
3792,4830
3794,4292
3801,4928
3807,4169
3809,4281
3809,4606
3812,4734
3820,4136
3824,4310
3825,3887
3831,4536
3832,4011
3832,4077
3835,3933
3836,3846
3837,4990
3839,4213
3841,4488
3843,3926
3845,4003
3845,4986
3849,4171
3850,3938
3850,4739
3863,4567
3866,4852
3869,4216
3874,4314
3879,4493
3903,3932
3904,4590
3904,4844
3907,4200
3913,4995
3922,4634
3925,4242
3925,4791
3928,4268
3938,4739
3946,4053
3954,4321
3954,4971
3958,4167
3958,4930
3959,4166
3962,4054
3962,4288
3967,4705
3977,4048
3979,4676
3984,4539
3999,4483
4013,4605
4032,4732
4040,4410
4057,4666
4067,4154
4069,4495
4072,4451
4072,4555
4073,4868
4076,4633
4087,4790
4089,4467
4092,4152
4101,4312
4103,4379
4110,4272
4110,4994
4114,4933
4127,4867
4130,4700
4135,4999
4138,4426
4145,4855
4167,4266
4171,4988
4172,4950
4175,4618
4183,4209
4184,4577
4196,4450
4203,4440
4225,4598
4233,4285
4237,4295
4237,4364
4242,4791
4245,4332
4250,4358
4260,4641
4271,4468
4272,4994
4275,4277
4281,4606
4306,4891
4307,4662
4315,4658
4325,4727
4331,4660
4341,4629
4341,4680
4353,4617
4353,4856
4370,4431
4377,4884
4394,4959
4404,4954
4424,4517
4429,4931
4435,4622
4442,4783
4466,4784
4475,4542
4475,4691
4475,4859
4476,4554
4489,4963
4495,4917
4502,4547
4513,4686
4542,4691
4585,4885
4593,4664
4595,4938
4603,4904
4617,4856
4632,4883
4741,4814
4745,4965
4767,4824
4772,4956
4773,4822
4814,4865
4923,4953
