Source,Target
0,1
0,2
0,3
0,4
0,5
0,10
0,13
0,16
0,21
0,23
0,24
0,28
0,30
0,31
0,35
0,49
0,50
0,52
0,61
0,67
0,68
0,78
0,80
0,82
0,84
0,90
0,94
0,103
0,104
0,106
0,112
0,113
0,114
0,117
0,119
0,138
0,145
0,149
0,154
0,161
0,166
0,173
0,179
0,190
0,200
0,214
0,222
0,226
0,230
0,231
0,233
0,236
0,242
0,244
0,250
0,253
0,256
0,259
0,262
0,263
0,279
0,284
0,289
0,291
0,292
0,294
0,299
0,300
0,310
0,311
0,322
0,324
0,328
0,331
0,332
0,342
0,343
0,347
0,352
0,358
0,363
0,364
0,366
0,372
0,379
0,381
0,392
0,398
0,399
0,414
0,416
0,421
0,427
0,432
0,442
0,446
0,448
0,456
0,460
0,479
0,482
0,491
0,502
0,503
0,524
0,540
0,541
0,544
0,556
0,567
0,569
0,573
0,577
0,580
0,593
0,598
0,607
0,619
0,620
0,623
0,628
0,643
0,648
0,675
0,677
0,679
0,696
0,699
0,704
0,709
0,727
0,735
0,739
0,747
0,755
0,757
0,761
0,763
0,768
0,776
0,783
0,790
0,791
0,794
0,802
0,803
0,806
0,808
0,816
0,835
0,836
0,837
0,839
0,844
0,848
0,865
0,868
0,871
0,872
0,875
0,888
0,891
0,896
0,918
0,921
0,930
0,931
0,940
0,945
0,967
0,969
0,975
0,988
0,991
0,995
0,1001
0,1005
0,1011
0,1012
0,1017
0,1025
0,1027
0,1037
0,1043
0,1049
0,1072
0,1078
0,1080
0,1091
0,1094
0,1099
0,1117
0,1136
0,1137
0,1141
0,1155
0,1160
0,1165
0,1166
0,1171
0,1181
0,1195
0,1196
0,1199
0,1210
0,1212
0,1217
0,1234
0,1239
0,1240
0,1246
0,1249
0,1250
0,1253
0,1255
0,1258
0,1266
0,1278
0,1288
0,1289
0,1293
0,1303
0,1304
0,1306
0,1310
0,1336
0,1345
0,1349
0,1358
0,1365
0,1368
0,1369
0,1376
0,1397
0,1409
0,1411
0,1425
0,1428
0,1432
0,1450
0,1451
0,1455
0,1476
0,1486
0,1495
0,1509
0,1512
0,1513
0,1518
0,1519
0,1523
0,1536
0,1552
0,1553
0,1556
0,1567
0,1577
0,1579
0,1583
0,1584
0,1587
0,1593
0,1598
0,1600
0,1615
0,1629
0,1650
0,1665
0,1668
0,1669
0,1672
0,1692
0,1694
0,1709
0,1716
0,1721
0,1723
0,1736
0,1744
0,1748
0,1755
0,1761
0,1763
0,1764
0,1765
0,1768
0,1770
0,1777
0,1779
0,1784
0,1785
0,1797
0,1803
0,1818
0,1824
0,1832
0,1835
0,1846
0,1849
0,1854
0,1856
0,1865
0,1867
0,1879
0,1896
0,1908
0,1909
0,1918
0,1919
0,1928
0,1930
0,1935
0,1948
0,1962
0,1963
0,1969
0,2012
0,2024
0,2040
0,2053
0,2054
0,2057
0,2070
0,2082
0,2115
0,2117
0,2126
0,2135
0,2146
0,2157
0,2160
0,2180
0,2197
0,2203
0,2212
0,2215
0,2218
0,2220
0,2234
0,2246
0,2254
0,2256
0,2262
0,2263
0,2265
0,2266
0,2273
0,2284
0,2288
0,2292
0,2299
0,2313
0,2329
0,2343
0,2347
0,2369
0,2370
0,2381
0,2393
0,2399
0,2404
0,2409
0,2411
0,2419
0,2434
0,2448
0,2456
0,2467
0,2482
0,2515
0,2521
0,2524
0,2529
0,2534
0,2535
0,2538
0,2560
0,2565
0,2576
0,2585
0,2593
0,2599
0,2603
0,2609
0,2635
0,2639
0,2646
0,2647
0,2649
0,2658
0,2661
0,2669
0,2676
0,2679
0,2681
0,2725
0,2726
0,2736
0,2746
0,2751
0,2753
0,2760
0,2768
0,2781
0,2789
0,2792
0,2835
0,2841
0,2857
0,2863
0,2871
0,2872
0,2885
0,2888
0,2902
0,2903
0,2914
0,2915
0,2948
0,2953
0,2967
0,2987
0,2996
0,3002
0,3006
0,3008
0,3023
0,3024
0,3031
0,3032
0,3038
0,3046
0,3052
0,3068
0,3073
0,3084
0,3087
0,3099
0,3102
0,3107
0,3109
0,3121
0,3132
0,3147
0,3157
0,3163
0,3204
0,3210
0,3211
0,3212
0,3233
0,3247
0,3248
0,3271
0,3272
0,3278
0,3286
0,3289
0,3307
0,3322
0,3334
0,3347
0,3349
0,3361
0,3375
0,3387
0,3388
0,3397
0,3400
0,3403
0,3408
0,3413
0,3419
0,3422
0,3431
0,3442
0,3445
0,3475
0,3483
0,3485
0,3491
0,3495
0,3500
0,3512
0,3518
0,3519
0,3524
0,3530
0,3543
0,3545
0,3548
0,3549
0,3557
0,3558
0,3576
0,3594
0,3615
0,3616
0,3617
0,3619
0,3641
0,3655
0,3665
0,3667
0,3682
0,3683
0,3701
0,3708
0,3709
0,3728
0,3732
0,3742
0,3755
0,3763
0,3764
0,3769
0,3785
0,3789
0,3792
0,3798
0,3805
0,3807
0,3809
0,3827
0,3831
0,3847
0,3856
0,3858
0,3865
0,3870
0,3878
0,3882
0,3885
0,3899
0,3901
0,3902
0,3904
0,3937
0,3960
0,3975
0,3980
0,3993
0,4014
0,4015
0,4026
0,4050
0,4063
0,4066
0,4069
0,4090
0,4101
0,4102
0,4107
0,4114
0,4125
0,4135
0,4140
0,4155
0,4164
0,4169
0,4170
0,4203
0,4207
0,4208
0,4212
0,4218
0,4221
0,4229
0,4235
0,4236
0,4241
0,4246
0,4260
0,4267
0,4273
0,4280
0,4281
0,4298
0,4305
0,4318
0,4322
0,4372
0,4374
0,4377
0,4400
0,4404
0,4407
0,4414
0,4423
0,4440
0,4442
0,4444
0,4449
0,4457
0,4475
0,4481
0,4482
0,4495
0,4505
0,4509
0,4530
0,4535
0,4576
0,4585
0,4588
0,4594
0,4597
0,4612
0,4616
0,4619
0,4621
0,4642
0,4646
0,4651
0,4657
0,4684
0,4688
0,4701
0,4714
0,4735
0,4756
0,4764
0,4767
0,4772
0,4774
0,4778
0,4779
0,4809
0,4810
0,4819
0,4831
0,4847
0,4864
0,4875
0,4876
0,4884
0,4885
0,4889
0,4898
0,4915
0,4917
0,4925
0,4932
0,4949
0,4951
0,4952
0,4954
0,4956
0,4957
0,4961
0,4964
0,4974
0,4976
0,4984
0,4985
1,2
1,10
1,19
1,20
1,21
1,27
1,32
1,34
1,38
1,44
1,45
1,57
1,66
1,70
1,75
1,102
1,118
1,141
1,152
1,162
1,167
1,298
1,306
1,337
1,359
1,375
1,412
1,436
1,439
1,536
1,550
1,561
1,597
1,644
1,666
1,669
1,725
1,775
1,843
1,858
1,874
1,946
1,1192
1,1226
1,1227
1,1386
1,1395
1,1422
1,1586
1,1596
1,1734
1,1892
1,1942
1,1971
1,1993
1,2004
1,2205
1,2264
1,2361
1,2450
1,2505
1,2624
1,2887
1,2929
1,2960
1,3014
1,3108
1,3113
1,3159
1,3201
1,3875
1,3924
1,4012
1,4131
1,4134
1,4204
1,4232
1,4540
1,4553
1,4589
1,4724
1,4890
2,3
2,19
2,20
2,24
2,28
2,30
2,32
2,40
2,48
2,59
2,80
2,84
2,233
2,244
2,253
2,269
2,296
2,386
2,432
2,445
2,451
2,478
2,489
2,496
2,573
2,577
2,592
2,709
2,722
2,728
2,753
2,763
2,766
2,780
2,913
2,962
2,1122
2,1139
2,1155
2,1192
2,1237
2,1239
2,1291
2,1411
2,1448
2,1510
2,1513
2,1639
2,1730
2,1812
2,1937
2,1941
2,2024
2,2177
2,2197
2,2333
2,2346
2,2478
2,2505
2,2531
2,2645
2,3110
2,3130
2,3144
2,3169
2,3264
2,3295
2,3296
2,3383
2,3523
2,3550
2,3555
2,3618
2,3936
2,4038
2,4129
2,4134
2,4230
2,4232
2,4251
2,4581
2,4627
2,4758
3,4
3,5
3,6
3,7
3,8
3,9
3,13
3,15
3,16
3,18
3,22
3,31
3,36
3,37
3,41
3,46
3,49
3,51
3,53
3,56
3,64
3,67
3,74
3,79
3,90
3,95
3,97
3,98
3,100
3,103
3,106
3,114
3,128
3,132
3,134
3,139
3,140
3,142
3,150
3,156
3,158
3,168
3,169
3,170
3,181
3,188
3,189
3,206
3,207
3,213
3,219
3,222
3,235
3,238
3,240
3,241
3,243
3,245
3,265
3,267
3,277
3,279
3,281
3,287
3,295
3,314
3,317
3,326
3,341
3,342
3,369
3,377
3,379
3,385
3,405
3,413
3,419
3,443
3,447
3,454
3,465
3,469
3,475
3,498
3,503
3,525
3,529
3,543
3,549
3,575
3,576
3,594
3,601
3,604
3,617
3,618
3,620
3,633
3,641
3,645
3,646
3,648
3,649
3,662
3,680
3,689
3,696
3,712
3,727
3,737
3,762
3,767
3,771
3,802
3,803
3,817
3,827
3,830
3,842
3,846
3,848
3,854
3,856
3,873
3,879
3,893
3,967
3,977
3,986
3,1045
3,1078
3,1091
3,1102
3,1113
3,1116
3,1120
3,1148
3,1149
3,1156
3,1157
3,1161
3,1165
3,1265
3,1279
3,1280
3,1323
3,1359
3,1366
3,1390
3,1391
3,1409
3,1431
3,1456
3,1460
3,1463
3,1473
3,1493
3,1502
3,1503
3,1532
3,1548
3,1553
3,1605
3,1610
3,1641
3,1648
3,1657
3,1664
3,1674
3,1690
3,1705
3,1752
3,1753
3,1760
3,1788
3,1793
3,1798
3,1807
3,1813
3,1843
3,1846
3,1874
3,1875
3,1887
3,1902
3,1914
3,1920
3,1925
3,1928
3,1947
3,1950
3,1953
3,1961
3,1981
3,2019
3,2039
3,2043
3,2044
3,2047
3,2048
3,2052
3,2053
3,2061
3,2063
3,2066
3,2096
3,2106
3,2108
3,2112
3,2148
3,2155
3,2164
3,2176
3,2206
3,2216
3,2219
3,2243
3,2245
3,2263
3,2269
3,2298
3,2305
3,2351
3,2364
3,2386
3,2390
3,2406
3,2413
3,2424
3,2459
3,2487
3,2502
3,2551
3,2564
3,2569
3,2573
3,2575
3,2579
3,2586
3,2589
3,2612
3,2619
3,2628
3,2644
3,2645
3,2654
3,2660
3,2667
3,2672
3,2708
3,2759
3,2776
3,2784
3,2806
3,2820
3,2831
3,2842
3,2858
3,2900
3,2931
3,2969
3,2986
3,3000
3,3008
3,3013
3,3018
3,3041
3,3059
3,3066
3,3086
3,3177
3,3245
3,3294
3,3314
3,3329
3,3336
3,3415
3,3418
3,3421
3,3427
3,3431
3,3462
3,3464
3,3475
3,3477
3,3509
3,3607
3,3630
3,3647
3,3652
3,3671
3,3673
3,3680
3,3690
3,3701
3,3710
3,3774
3,3853
3,3867
3,3888
3,3889
3,3945
3,3957
3,3976
3,3995
3,4018
3,4031
3,4044
3,4081
3,4117
3,4149
3,4187
3,4189
3,4219
3,4239
3,4240
3,4244
3,4271
3,4340
3,4373
3,4384
3,4386
3,4388
3,4406
3,4422
3,4427
3,4463
3,4471
3,4473
3,4476
3,4512
3,4524
3,4548
3,4554
3,4556
3,4561
3,4565
3,4573
3,4588
3,4591
3,4626
3,4682
3,4706
3,4718
3,4721
3,4731
3,4751
3,4763
3,4786
3,4833
3,4861
3,4870
3,4921
3,4922
3,4923
3,4946
3,4953
4,35
4,37
4,61
4,64
4,139
4,140
4,165
4,181
4,213
4,217
4,248
4,281
4,339
4,425
4,463
4,506
4,611
4,956
4,1010
4,1012
4,1061
4,1384
4,1414
4,1607
4,1935
4,2005
4,2096
4,2219
4,3173
4,3337
4,3529
4,3785
4,3976
4,4030
4,4696
5,6
5,7
5,9
5,12
5,29
5,33
5,36
5,39
5,42
5,58
5,60
5,92
5,111
5,123
5,138
5,148
5,172
5,178
5,211
5,221
5,236
5,239
5,245
5,247
5,255
5,272
5,312
5,326
5,348
5,367
5,368
5,377
5,455
5,469
5,481
5,488
5,521
5,532
5,571
5,579
5,646
5,663
5,667
5,740
5,742
5,748
5,751
5,828
5,851
5,1016
5,1022
5,1039
5,1047
5,1081
5,1083
5,1111
5,1179
5,1256
5,1259
5,1265
5,1281
5,1285
5,1298
5,1429
5,1437
5,1439
5,1507
5,1549
5,1576
5,1588
5,1617
5,1644
5,1649
5,1654
5,1673
5,1746
5,1754
5,1773
5,1776
5,1852
5,1929
5,1977
5,1996
5,2035
5,2046
5,2064
5,2080
5,2132
5,2232
5,2247
5,2258
5,2268
5,2295
5,2430
5,2629
5,2774
5,2778
5,2807
5,2885
5,2962
5,2963
5,2974
5,2976
5,3036
5,3045
5,3066
5,3088
5,3124
5,3302
5,3321
5,3354
5,3360
5,3369
5,3401
5,3473
5,3477
5,3496
5,3505
5,3573
5,3774
5,3893
5,3956
5,3967
5,4072
5,4105
5,4149
5,4190
5,4201
5,4210
5,4334
5,4352
5,4398
5,4439
5,4451
5,4472
5,4475
5,4510
5,4533
5,4555
5,4568
5,4582
5,4657
5,4705
5,4777
5,4843
5,4934
6,12
6,39
6,60
6,101
6,121
6,249
6,333
6,462
6,572
6,822
6,1626
6,1701
6,1946
6,2041
6,2091
6,2258
6,2489
6,2540
6,2772
6,2866
6,3011
6,4436
6,4683
6,4712
7,8
7,11
7,14
7,15
7,17
7,18
7,29
7,43
7,46
7,58
7,85
7,110
7,122
7,150
7,159
7,266
7,345
7,355
7,367
7,371
7,655
7,680
7,740
7,828
7,907
7,1047
7,1062
7,1084
7,1307
7,1332
7,1340
7,1454
7,1572
7,1627
7,1727
7,1855
7,2049
7,2158
7,2330
7,2335
7,2530
7,2561
7,2631
7,2724
7,2733
7,2813
7,2895
7,2933
7,3080
7,3315
7,3570
7,3575
7,3787
7,3823
7,3907
7,4109
7,4375
7,4397
7,4601
7,4808
7,4899
7,4944
8,11
8,317
8,360
8,371
8,394
8,459
8,1307
8,1998
8,2048
8,2183
8,2724
8,3224
8,3379
8,4623
8,4887
9,42
9,97
9,125
9,178
9,486
9,488
9,579
9,900
9,1083
9,1086
9,1256
9,2060
9,2387
9,3352
9,3844
9,3893
9,3927
9,4439
9,4562
9,4760
10,27
10,50
10,55
10,96
10,108
10,135
10,163
10,183
10,184
10,187
10,356
10,361
10,401
10,402
10,410
10,429
10,468
10,493
10,534
10,536
10,650
10,656
10,726
10,750
10,788
10,811
10,865
10,889
10,894
10,910
10,929
10,939
10,963
10,1090
10,1180
10,1183
10,1267
10,1283
10,1290
10,1295
10,1331
10,1545
10,1580
10,1653
10,1670
10,1708
10,1729
10,1767
10,1784
10,1897
10,1985
10,1997
10,2104
10,2201
10,2202
10,2509
10,2758
10,2790
10,2882
10,2943
10,3026
10,3031
10,3120
10,3150
10,3201
10,3207
10,3322
10,3390
10,3408
10,3441
10,3579
10,3688
10,3735
10,4028
10,4341
10,4371
10,4424
10,4540
10,4594
10,4629
10,4680
10,4800
11,14
11,17
11,43
11,62
11,85
11,105
11,360
11,417
11,547
11,558
11,657
11,734
11,831
11,852
11,1033
11,1084
11,1112
11,1529
11,1659
11,2380
11,2425
11,2513
11,2896
11,3131
11,3238
11,3562
11,3621
11,4492
11,4704
12,33
12,172
12,374
12,851
12,1186
12,1507
12,2011
12,2035
12,2091
12,2897
12,3016
12,3088
12,3577
13,134
13,166
13,179
13,185
13,230
13,535
13,570
13,619
13,672
13,906
13,1136
13,1326
13,1357
13,1694
13,1722
13,1859
13,1921
13,1986
13,2131
13,2464
13,2480
13,2492
13,2520
13,2677
13,2732
13,2791
13,2854
13,2942
13,3141
13,3208
13,3331
13,3416
13,3469
13,3490
13,3510
13,3512
13,3600
13,3795
13,3959
13,3983
13,4580
14,105
14,110
14,122
14,124
14,417
14,622
14,708
14,1112
14,1151
14,1184
14,1555
14,2119
14,2730
14,2733
14,3007
14,3138
14,3238
14,4496
14,4871
15,159
15,355
15,543
15,560
15,784
15,1073
15,2267
15,3197
15,3262
15,4166
15,4394
16,22
16,23
16,25
16,26
16,51
16,54
16,72
16,82
16,89
16,109
16,115
16,117
16,129
16,144
16,176
16,177
16,199
16,204
16,206
16,218
16,227
16,234
16,242
16,330
16,409
16,411
16,420
16,424
16,434
16,467
16,471
16,522
16,527
16,538
16,552
16,574
16,581
16,590
16,603
16,604
16,639
16,653
16,660
16,671
16,673
16,675
16,724
16,732
16,746
16,754
16,797
16,824
16,838
16,861
16,867
16,903
16,908
16,914
16,941
16,979
16,980
16,983
16,988
16,1006
16,1014
16,1030
16,1072
16,1075
16,1089
16,1098
16,1128
16,1188
16,1200
16,1221
16,1231
16,1262
16,1274
16,1316
16,1329
16,1334
16,1427
16,1477
16,1478
16,1488
16,1546
16,1578
16,1622
16,1645
16,1686
16,1706
16,1731
16,1739
16,1771
16,1800
16,1872
16,1884
16,1964
16,1979
16,1995
16,2067
16,2162
16,2231
16,2240
16,2249
16,2318
16,2320
16,2357
16,2368
16,2370
16,2399
16,2416
16,2432
16,2453
16,2542
16,2582
16,2584
16,2622
16,2633
16,2690
16,2715
16,2794
16,2819
16,2842
16,2880
16,2905
16,2928
16,2939
16,2944
16,2946
16,2969
16,3005
16,3034
16,3190
16,3222
16,3249
16,3283
16,3311
16,3340
16,3405
16,3406
16,3420
16,3448
16,3533
16,3593
16,3598
16,3634
16,3643
16,3666
16,3672
16,3830
16,3884
16,3979
16,4043
16,4083
16,4086
16,4205
16,4259
16,4276
16,4365
16,4382
16,4419
16,4447
16,4474
16,4487
16,4518
16,4534
16,4573
16,4676
16,4761
16,4819
16,4833
16,4841
16,4854
16,4913
16,4923
16,4960
16,4968
16,5001
17,266
17,3621
18,594
18,651
18,1036
18,2216
18,3040
19,34
19,76
19,141
19,216
19,433
19,550
19,638
19,705
19,722
19,779
19,897
19,1457
19,1671
19,1711
19,1822
19,1901
19,2177
19,2641
19,2925
19,3258
19,4020
19,4139
19,4969
20,412
20,843
20,3924
21,44
21,57
21,77
21,78
21,104
21,152
21,214
21,226
21,231
21,261
21,307
21,313
21,343
21,358
21,439
21,470
21,584
21,642
21,858
21,878
21,882
21,918
21,924
21,978
21,1007
21,1031
21,1038
21,1059
21,1094
21,1167
21,1209
21,1415
21,1453
21,1535
21,1612
21,1689
21,1725
21,1774
21,1850
21,1858
21,1917
21,1944
21,1991
21,2001
21,2086
21,2149
21,2237
21,2256
21,2537
21,2721
21,2731
21,2798
21,2929
21,3109
21,3309
21,3325
21,3471
21,3637
21,3901
21,4198
21,4315
21,4519
21,4550
21,4667
21,4857
22,26
22,74
22,89
22,115
22,341
22,420
22,2095
22,2660
22,2893
23,25
23,54
23,72
23,73
23,93
23,109
23,120
23,130
23,131
23,195
23,204
23,215
23,252
23,274
23,276
23,280
23,290
23,450
23,483
23,510
23,522
23,545
23,603
23,632
23,692
23,797
23,804
23,855
23,903
23,911
23,916
23,1032
23,1082
23,1107
23,1150
23,1174
23,1198
23,1233
23,1330
23,1541
23,1840
23,1956
23,1990
23,2130
23,2279
23,2289
23,2491
23,2614
23,2653
23,2836
23,2959
23,3078
23,3246
23,3285
23,3297
23,3386
23,3432
23,3661
23,3740
23,3770
23,3788
23,3857
23,4264
23,4302
23,4685
23,4745
23,4804
23,4892
24,40
24,65
24,335
24,478
24,755
24,1215
24,1255
24,2695
24,2902
24,3312
24,4842
24,4927
25,130
25,131
25,215
25,274
25,285
25,403
25,552
25,562
25,984
25,1032
25,1334
25,1461
25,1778
25,1895
25,1959
25,2473
25,2501
25,2634
25,2762
25,3237
25,4036
26,434
26,600
26,671
26,838
26,1564
26,2446
26,2582
26,2699
26,3884
26,3944
26,4970
27,45
27,47
27,55
27,63
27,88
27,162
27,175
27,184
27,187
27,309
27,336
27,359
27,422
27,429
27,444
27,458
27,473
27,484
27,493
27,499
27,785
27,939
27,1097
27,1109
27,1242
27,1312
27,1430
27,1581
27,1684
27,1734
27,1780
27,1922
27,2020
27,2033
27,2187
27,2241
27,2277
27,2306
27,2363
27,2472
27,2523
27,2552
27,2709
27,2729
27,2993
27,3338
27,3372
27,3444
27,3547
27,3640
27,3775
27,3962
27,4054
27,4191
27,4222
27,4288
27,4300
27,4834
27,4977
27,4993
28,119
28,146
28,201
28,460
28,567
28,580
28,677
28,700
28,1436
28,1455
28,1515
28,1832
28,1936
28,2025
28,2621
28,2921
28,2947
28,2996
28,3139
28,3161
28,3349
28,3644
28,3723
28,4320
28,4766
28,4779
28,4809
28,4943
29,148
29,886
29,1727
29,1728
29,2330
30,48
30,296
30,891
30,1024
30,2494
30,2683
30,3090
30,4344
31,41
31,52
31,69
31,116
31,160
31,193
31,241
31,273
31,278
31,286
31,357
31,399
31,440
31,539
31,544
31,595
31,690
31,713
31,796
31,863
31,875
31,1080
31,1121
31,1261
31,1289
31,1315
31,1434
31,1527
31,1663
31,1703
31,1781
31,1883
31,1963
31,1972
31,2167
31,2222
31,2246
31,2438
31,2449
31,2510
31,2777
31,2784
31,2906
31,2908
31,3096
31,3203
31,3209
31,3273
31,3278
31,3403
31,3627
31,3692
31,3982
31,4143
31,4423
31,4453
31,4695
31,4698
31,4771
32,38
32,397
32,451
32,583
32,840
32,1143
32,1860
32,1916
32,2076
32,2656
32,3223
32,3877
32,4001
32,4070
32,4080
33,123
33,751
33,1164
33,1549
33,2378
33,2379
33,2873
33,3298
33,3833
34,66
34,70
34,76
34,81
34,99
34,137
34,191
34,212
34,316
34,511
34,621
34,638
34,647
34,682
34,711
34,772
34,815
34,927
34,951
34,960
34,1115
34,1257
34,1491
34,1524
34,1606
34,1616
34,1671
34,1733
34,1745
34,1750
34,1806
34,1831
34,2092
34,2120
34,2198
34,2253
34,2429
34,2468
34,2550
34,2712
34,2761
34,2859
34,2862
34,3014
34,3083
34,3126
34,3164
34,3196
34,3293
34,3578
34,3581
34,3646
34,3668
34,3828
34,3841
34,3866
34,3879
34,3958
34,4017
34,4020
34,4108
34,4150
34,4331
34,4488
34,4729
34,4753
34,4793
34,4816
34,4839
34,4852
34,4878
35,68
35,112
35,165
35,363
35,365
35,435
35,661
35,926
35,935
35,1710
35,1714
35,1802
35,2347
35,2381
35,2949
35,3411
35,4167
35,4176
35,4266
35,4639
36,92
36,133
36,158
36,197
36,275
36,1438
36,1690
36,2293
36,2592
36,2837
36,2950
36,3488
36,4335
36,4888
37,132
37,189
37,224
37,260
37,339
37,438
37,463
37,465
37,501
37,559
37,862
37,1087
37,1205
37,1296
37,1327
37,1384
37,1554
37,1751
37,1934
37,3205
37,3341
37,3474
37,3476
37,3503
37,3741
37,3811
37,3981
37,4006
37,4286
37,4446
37,4895
38,375
38,397
38,586
38,596
38,884
38,1009
38,1051
38,1218
38,1227
38,1526
38,1574
38,1862
38,2004
38,2694
38,3113
38,4742
39,101
39,210
39,255
39,272
39,376
39,388
39,418
39,518
39,532
39,563
39,571
39,572
39,821
39,829
39,1039
39,1105
39,1111
39,1314
39,1490
39,1595
39,1626
39,1649
39,2007
39,2227
39,2268
39,2408
39,2471
39,3115
39,3399
39,4072
39,4451
39,4555
39,4687
39,4717
40,65
40,335
40,504
40,512
40,832
40,966
40,1139
40,1333
40,1464
40,1494
40,1601
40,1688
40,2163
40,2909
40,3279
40,3280
40,3313
40,3318
40,3453
40,3952
40,4497
40,4842
41,69
41,314
41,633
42,2430
42,3036
43,62
43,257
43,558
43,670
43,965
43,1627
43,4196
44,167
44,306
44,721
44,2651
44,4600
45,47
45,63
45,71
45,87
45,88
45,192
45,223
45,282
45,293
45,303
45,309
45,415
45,553
45,561
45,640
45,659
45,697
45,850
45,874
45,892
45,895
45,928
45,1003
45,1172
45,1286
45,1287
45,1363
45,1430
45,1444
45,1613
45,1675
45,1715
45,1804
45,1857
45,1869
45,1971
45,1993
45,2009
45,2018
45,2338
45,2375
45,2442
45,2460
45,2536
45,2552
45,2572
45,2574
45,2668
45,2675
45,2833
45,2907
45,2951
45,2979
45,3010
45,3022
45,3092
45,3153
45,3189
45,3195
45,3300
45,3328
45,3492
45,3502
45,3804
45,3859
45,3999
45,4092
45,4123
45,4383
45,4613
45,4787
45,4902
46,56
46,168
46,169
46,196
46,830
46,1057
46,1354
46,1416
46,1630
46,2701
46,3359
46,3414
46,3509
47,336
47,458
47,608
47,1109
47,1252
47,1444
47,1613
47,1656
47,2113
47,2143
47,2145
47,2209
47,2547
47,2719
47,2755
47,3467
47,3971
47,3986
47,4152
47,4483
47,4528
48,59
48,1041
48,1769
48,2144
48,2156
48,2349
48,2494
48,3003
48,3090
48,3169
48,3588
48,3861
48,3923
48,3934
48,4005
49,53
49,83
49,95
49,143
49,170
49,302
49,352
49,519
49,531
49,575
49,598
49,654
49,699
49,777
49,1127
49,1152
49,1211
49,1213
49,1313
49,1441
49,1537
49,1562
49,1582
49,1591
49,1597
49,1641
49,1717
49,1817
49,1898
49,2245
49,2342
49,2483
49,3057
49,3166
49,3194
49,3265
49,3275
49,3294
49,3392
49,3549
49,3801
49,3972
49,4009
49,4211
49,4381
49,4458
49,4575
49,4953
50,108
50,136
50,163
50,894
50,1634
50,1738
50,1969
50,1975
50,2010
50,2451
50,2499
50,2705
50,3707
50,4403
50,4567
51,98
51,128
51,218
51,557
51,676
51,1396
51,2231
51,2271
51,3448
51,3589
51,3863
52,328
52,502
52,735
52,1001
52,2234
52,2350
52,2534
52,3032
53,83
53,86
53,143
53,225
53,243
53,295
53,370
53,531
53,576
53,614
53,635
53,807
53,833
53,866
53,881
53,890
53,904
53,1208
53,1241
53,1284
53,1313
53,1591
53,1605
53,1633
53,2297
53,2300
53,2302
53,2342
53,2476
53,2602
53,2688
53,2718
53,2834
53,3194
53,3290
53,3385
53,3472
53,3532
53,3566
53,3657
53,3820
53,3943
53,4009
53,4076
53,4116
53,4136
53,4214
53,4261
53,4381
53,4476
53,4512
53,4820
53,4880
53,4893
54,227
54,692
54,1771
54,3799
55,96
55,135
55,151
55,175
55,183
55,251
55,321
55,356
55,400
55,487
55,507
55,774
55,782
55,929
55,1273
55,1282
55,1467
55,1522
55,1696
55,1790
55,1906
55,1922
55,2100
55,2282
55,2431
55,2758
55,2830
55,2923
55,3042
55,3185
55,3455
55,3539
55,3568
55,3913
55,4161
55,4172
55,4356
55,4633
55,4637
55,4860
55,4939
56,2701
56,3414
56,4060
57,75
57,77
57,91
57,182
57,246
57,609
57,695
57,775
57,786
57,1042
57,1162
57,1415
57,1535
57,1596
57,1725
57,1737
57,1987
57,2739
57,3287
57,3703
57,3985
57,4141
57,4336
58,312
58,1644
59,489
59,1041
59,1228
59,1652
59,2207
59,2217
59,2541
59,3437
59,3601
59,3689
60,111
60,1776
60,2046
60,2204
60,2489
60,2774
61,113
61,1723
61,2215
61,2816
61,2872
61,3102
61,4021
61,4407
61,4952
62,257
62,391
62,657
62,664
62,902
62,2127
62,3670
62,4196
63,71
63,223
63,282
63,349
63,473
63,515
63,533
63,1130
63,1242
63,1440
63,1575
63,1786
63,2583
63,2867
63,3010
63,3470
63,4252
63,4702
64,79
64,846
64,854
64,1061
64,1442
64,4030
64,4554
66,99
66,102
66,107
66,378
66,384
66,430
66,564
66,566
66,578
66,723
66,853
66,917
66,1204
66,1381
66,1505
66,1994
66,2291
66,2788
66,2887
66,2911
66,3239
66,3317
66,3582
66,3596
66,3614
66,4025
66,4416
66,4461
66,4477
66,4692
66,4750
66,4780
66,4829
66,4838
66,4851
66,4896
67,969
67,1085
67,1125
67,2160
67,2835
67,3362
68,94
68,126
68,145
68,147
68,171
68,174
68,194
68,198
68,254
68,297
68,382
68,452
68,485
68,615
68,688
68,717
68,820
68,869
68,870
68,923
68,1066
68,1074
68,1147
68,1187
68,1202
68,1223
68,1235
68,1258
68,1276
68,1294
68,1301
68,1344
68,1376
68,1426
68,1543
68,1565
68,1759
68,1805
68,1903
68,2055
68,2151
68,2175
68,2326
68,2388
68,2590
68,2608
68,2765
68,2851
68,3076
68,3100
68,3215
68,3257
68,3517
68,3580
68,3597
68,3604
68,3606
68,3638
68,3990
68,4093
68,4188
68,4192
68,4208
68,4254
68,4418
68,4430
68,4441
68,4491
68,4503
68,4558
68,4769
69,116
69,160
69,186
69,273
69,344
69,542
69,932
69,1394
69,1417
69,1700
69,1883
69,1926
69,1954
69,2281
69,2307
69,2449
69,2877
69,2908
69,3209
69,4143
69,4376
69,4625
69,4695
69,4748
69,4768
70,81
70,636
70,1422
70,1524
70,2078
70,2664
70,4331
71,87
71,192
71,220
71,293
71,303
71,304
71,349
71,516
71,553
71,659
71,674
71,707
71,741
71,895
71,971
71,1003
71,1055
71,1069
71,1203
71,1575
71,1662
71,1869
71,1931
71,2015
71,2062
71,2278
71,2287
71,2345
71,2775
71,2865
71,2982
71,3300
71,3449
71,3748
71,3790
71,3859
71,4123
71,4333
71,4599
71,4610
71,4650
71,4702
71,4942
72,73
72,93
72,120
72,129
72,195
72,301
72,354
72,483
72,653
72,665
72,804
72,855
72,911
72,998
72,1000
72,1089
72,1134
72,1244
72,1260
72,1320
72,1347
72,1375
72,1392
72,1484
72,1541
72,1578
72,1756
72,1863
72,2098
72,2249
72,2315
72,2427
72,2526
72,2614
72,2710
72,2977
72,3004
72,3363
72,3404
72,3700
72,3702
72,3719
72,3780
72,4078
72,4096
72,4183
72,4257
72,4275
72,4365
72,4389
72,4586
72,4980
73,280
73,301
73,605
74,156
74,383
74,977
74,2305
74,2390
74,3091
75,91
75,118
75,127
75,153
75,157
75,164
75,298
75,334
75,426
75,477
75,625
75,695
75,883
75,901
75,938
75,1018
75,1034
75,1162
75,1386
75,1398
75,1412
75,1445
75,1485
75,1647
75,1682
75,2252
75,2477
75,2484
75,2539
75,2727
75,2756
75,2954
75,3301
75,3435
75,3511
75,3781
75,3835
75,3930
75,3933
75,3985
75,3987
75,4204
75,4602
75,4603
75,4671
75,4983
76,137
76,237
76,353
76,404
76,779
76,897
76,1711
76,1806
76,1910
76,1913
76,1940
76,2314
76,2641
76,2662
76,2686
76,3146
76,4202
76,4425
76,4846
76,4878
78,259
78,322
78,427
78,607
78,658
78,841
78,909
78,974
78,1053
78,1124
78,1224
78,1253
78,1397
78,1506
78,1514
78,1709
78,1712
78,1833
78,1886
78,2720
78,2731
78,2735
78,2803
78,2997
78,3093
78,3266
78,3389
78,3413
78,3456
78,3585
78,3659
78,3711
78,4111
78,4413
78,4466
78,4678
78,4784
78,4928
79,235
79,1442
80,173
80,466
80,520
80,753
80,905
80,921
80,1687
80,1864
80,2110
80,3307
80,3821
80,4014
80,4142
80,4525
80,4526
81,636
81,772
81,927
81,1176
81,1420
81,2394
81,2443
81,2664
81,2797
81,3564
81,4017
81,4659
81,4732
81,4853
82,284
82,1873
82,2898
82,3593
82,3777
82,4205
83,86
83,225
83,232
83,380
83,461
83,591
83,614
83,635
83,807
83,866
83,1096
83,1114
83,1152
83,1248
83,1633
83,1838
83,1924
83,1939
83,1960
83,2181
83,2285
83,2483
83,2611
83,2707
83,2728
83,3213
83,3385
83,3534
83,3542
83,3772
83,3914
83,3974
83,4032
83,4217
83,4243
83,4529
83,4752
83,4893
84,190
84,761
84,1291
84,1342
84,1809
84,2134
84,2444
84,2697
84,2722
84,2860
84,3936
84,4465
86,881
86,904
86,957
86,1838
86,2285
86,2297
86,2300
86,2845
86,3472
87,674
87,1067
87,1472
87,2340
87,2572
87,4755
88,892
88,4159
88,4300
88,4516
88,4931
89,409
89,513
89,754
89,1488
89,1623
89,1706
89,2067
89,2257
89,2893
89,3283
89,4429
90,311
90,1279
90,1571
90,1808
90,1819
90,3272
90,4879
91,127
91,182
91,202
91,246
91,258
91,373
91,609
91,630
91,938
91,1042
91,1398
91,1558
91,1642
91,1982
91,1987
91,2013
91,2339
91,2463
91,2935
91,3063
91,3299
91,3353
91,3572
91,3584
91,3822
91,4052
91,4603
91,4638
91,4978
92,133
92,197
92,203
92,325
92,437
92,492
92,769
92,1158
92,1179
92,1259
92,1309
92,1319
92,1483
92,1588
92,1746
92,1957
92,2058
92,2286
92,2592
92,2950
92,3468
92,3767
92,3948
92,4249
92,4335
93,665
93,990
93,1134
93,1174
93,1678
93,3297
93,3661
93,3788
93,4980
94,126
94,171
94,254
94,297
94,320
94,347
94,528
94,556
94,593
94,710
94,923
94,1066
94,1074
94,1101
94,1140
94,1236
94,1254
94,1368
94,1497
94,1543
94,1667
94,1719
94,1825
94,1827
94,1841
94,1905
94,2045
94,2117
94,2157
94,2174
94,2316
94,2326
94,2388
94,2576
94,2616
94,2818
94,2861
94,2938
94,3100
94,3105
94,3125
94,3184
94,3374
94,3447
94,3663
94,3722
94,4254
94,4293
94,4418
94,4521
94,4597
94,4909
95,142
95,155
95,238
95,319
95,529
95,1211
95,3392
95,3440
95,3886
95,4058
95,4117
95,4604
96,151
96,1283
96,1364
96,2923
96,3120
96,3192
96,3366
96,3913
96,4507
96,4726
97,100
97,125
97,486
97,818
97,900
97,1086
97,1148
97,2112
97,2387
97,2488
97,2506
97,2773
97,3463
97,3871
97,4231
97,4850
97,4861
98,557
98,676
98,1396
98,2069
98,2274
99,191
99,316
99,378
99,564
99,568
99,578
99,589
99,610
99,647
99,853
99,885
99,919
99,936
99,949
99,951
99,1115
99,1159
99,1568
99,1624
99,1868
99,1923
99,2092
99,2172
99,2275
99,2429
99,2433
99,2550
99,2600
99,2761
99,2911
99,3065
99,3154
99,3239
99,3343
99,3482
99,3596
99,3611
99,3836
99,3931
99,3994
99,4299
99,4380
99,4542
99,4557
99,4840
99,4859
100,818
101,121
101,210
101,249
101,283
101,333
101,449
101,1487
101,1531
101,1693
101,2041
101,2188
101,2540
101,2869
101,2991
101,4436
102,107
102,430
102,585
102,616
102,693
102,952
102,1020
102,1170
102,2166
102,2397
102,3317
102,3582
102,4477
103,149
103,154
103,200
103,240
103,256
103,263
103,271
103,332
103,364
103,369
103,419
103,479
103,627
103,764
103,791
103,825
103,847
103,961
103,968
103,970
103,1005
103,1011
103,1181
103,1383
103,1401
103,1600
103,1650
103,1651
103,1752
103,1816
103,1820
103,2002
103,2017
103,2032
103,2116
103,2122
103,2220
103,2322
103,2392
103,2507
103,2741
103,2776
103,2863
103,2973
103,2994
103,2995
103,3178
103,3231
103,3310
103,3326
103,3869
103,4015
103,4216
103,4220
103,4291
103,4340
103,4355
103,4404
103,4469
103,4527
103,4795
103,4807
103,4947
104,1536
104,2054
105,708
105,1184
105,3784
106,1797
106,4280
107,723
107,1328
107,3277
107,4225
108,136
108,361
108,468
108,788
108,876
108,1325
108,1561
108,1670
108,1952
108,2630
108,2876
108,4403
109,144
109,176
109,276
109,327
109,574
109,1030
109,1106
109,1193
109,1492
109,1974
109,2311
109,2428
109,2617
109,4047
110,124
110,180
110,228
110,264
110,362
110,474
110,745
110,1855
110,2000
110,2042
110,2119
110,2129
110,2133
110,2195
110,2373
110,2383
110,2417
110,2426
110,2561
110,3138
110,3636
110,3726
110,4008
110,4013
110,4234
110,4396
110,4605
111,239
111,2204
112,435
112,456
112,739
112,3885
112,4241
112,4444
113,2816
114,291
114,294
114,416
114,497
114,1230
114,1853
114,1909
114,2008
114,2538
114,2823
114,3921
114,4578
115,330
115,471
115,867
115,2090
116,193
116,357
116,396
116,407
116,441
116,464
116,690
116,694
116,849
116,964
116,1052
116,1191
116,1356
116,1604
116,1635
116,1810
116,2580
116,3768
116,4456
116,4501
117,292
117,411
117,660
117,732
117,746
117,1365
117,1449
117,1477
117,1579
117,1619
117,1830
117,2115
117,2470
117,2604
117,3005
117,3486
117,3898
117,3996
118,153
118,157
118,334
118,436
118,597
118,946
118,1569
118,1585
118,1882
119,146
119,161
119,448
119,491
119,1129
119,1322
119,1462
119,1936
119,2284
119,2558
119,3161
119,3248
120,354
120,3363
121,449
121,999
121,1487
121,1531
121,1701
121,2991
121,4174
122,345
122,655
122,1332
122,1340
122,4109
123,521
123,1996
123,2378
124,180
124,228
124,288
124,362
124,474
124,551
124,959
124,1056
124,1474
124,1599
124,2000
124,2137
124,2511
124,2570
124,3274
124,4008
126,147
126,174
126,194
126,318
126,382
126,537
126,565
126,587
126,770
126,1132
126,1223
126,1408
126,1719
126,2045
126,2151
126,2601
126,2818
126,2878
126,3152
126,3281
126,3638
126,3843
126,3926
127,164
127,258
127,477
127,989
127,1026
127,1399
127,1559
127,1698
127,3027
128,1156
128,4937
129,1231
129,1262
129,1871
129,2977
129,3404
130,1840
132,2164
133,203
133,437
133,472
133,1077
133,1406
133,1550
133,1603
133,2016
133,2441
133,3181
133,3767
133,4153
133,4574
134,1722
134,2520
134,3418
134,3776
135,507
135,1653
135,2389
135,3186
135,3455
135,3654
135,4172
135,4514
137,237
137,268
137,353
137,621
137,711
137,1606
137,1745
137,1758
137,1851
137,2093
137,2301
137,2314
137,2360
137,2662
137,2892
137,3101
137,3355
137,3423
137,3426
137,3525
137,3691
137,3762
137,3946
137,4053
137,4108
137,4115
137,4202
137,4279
137,4297
137,4801
139,217
139,506
139,645
139,1060
139,1607
139,2123
139,2421
139,2740
139,2968
139,3415
139,3852
139,4029
139,4388
139,4563
139,4719
140,454
140,611
140,1010
140,1323
140,1502
140,3173
140,4926
141,216
141,337
141,389
141,433
141,509
141,644
141,705
141,1382
141,2139
141,2205
141,2353
141,3395
141,3997
142,155
142,188
142,319
142,338
142,1189
142,1321
142,1958
142,2226
142,2578
142,3908
142,4081
143,302
143,370
143,480
143,519
143,1213
143,2079
144,199
144,687
144,824
144,925
144,1221
144,1302
144,2240
144,3256
144,3586
145,452
145,476
145,1147
145,1301
145,1451
145,2779
145,3604
145,4430
145,4904
146,201
146,1462
146,2558
146,2621
147,318
147,1408
147,3076
147,3152
147,3281
147,3517
148,247
148,886
148,1281
148,1520
148,2193
148,3124
148,4843
149,764
149,3495
150,549
150,2206
150,4946
151,251
151,774
151,782
151,1364
151,2932
151,3192
152,1059
152,1216
152,1453
153,1018
153,3511
154,2467
154,2746
154,2994
154,4957
154,4972
156,383
156,1760
156,3973
156,4673
158,275
158,1045
158,1359
158,1981
158,2228
158,2445
159,560
159,4166
160,186
160,229
160,305
160,542
160,765
160,834
160,857
160,955
160,1070
160,1315
160,1378
160,1394
160,1528
160,1557
160,1636
160,1638
160,2307
160,2331
160,2497
160,2510
160,2750
160,2805
160,2821
160,2847
160,2906
160,2941
160,3001
160,3332
160,3466
160,3507
160,3692
160,3694
160,3759
160,3794
160,3890
160,3905
160,3991
160,4223
160,4399
160,4625
160,4672
160,4675
160,4748
160,4776
160,4945
160,4948
160,4998
161,1129
161,2757
162,1780
162,3775
162,4834
163,402
163,650
163,889
163,910
163,1634
163,1738
163,2099
163,2705
163,3707
164,901
164,989
164,1559
164,1682
164,3435
164,4983
165,365
165,1714
165,2165
165,2341
165,2410
165,4062
165,4421
166,185
166,672
166,1027
166,1065
166,1247
166,1326
166,1352
166,1563
166,1779
166,2074
166,2458
166,2603
166,2677
166,3143
166,3616
166,3855
166,3978
166,4608
167,721
167,809
167,1300
167,1586
167,1602
167,1713
167,2767
167,2913
167,3674
167,3955
167,4194
167,4392
167,4511
167,4600
168,277
168,287
168,631
168,2063
168,2919
168,3053
168,3170
168,4531
168,4647
169,196
169,413
169,548
169,1416
169,1468
169,1628
169,3359
169,3421
169,3718
169,3819
169,3894
169,4445
169,4763
169,4792
169,4873
169,4916
170,601
170,654
170,1390
170,1695
170,2052
170,2294
170,3336
170,3995
170,4284
171,198
171,205
171,209
171,346
171,683
171,1254
171,1272
171,1560
171,2140
171,2175
171,2182
171,2210
171,2377
171,2702
171,2938
171,2992
171,3447
171,3551
171,3922
171,4357
171,4797
172,211
172,374
172,1766
172,2011
172,2897
172,3348
173,466
173,2329
173,2795
173,3821
174,565
174,756
174,813
174,2878
174,3580
175,1273
175,2282
175,3042
176,177
176,327
176,408
176,538
176,724
176,859
176,1106
176,1305
176,1371
176,1435
176,1517
176,1702
176,1872
176,1974
176,2023
176,3537
176,3810
176,4019
176,4047
176,4794
177,979
177,1274
177,1877
177,2162
177,3097
177,3240
177,3750
177,4428
177,4754
178,221
178,348
178,481
178,742
178,798
178,987
178,2936
178,3198
178,3269
178,3352
178,3360
178,3696
178,3752
178,4126
178,4352
178,4462
179,570
179,860
179,931
179,1350
180,264
180,288
180,551
180,1056
180,2133
180,3202
180,3650
180,4245
180,4448
180,4605
182,202
182,208
182,387
182,406
182,1737
182,2280
182,2463
182,3572
182,4638
183,321
183,400
183,1880
183,1906
183,2085
183,2830
183,3304
183,4146
184,422
184,499
184,656
184,668
184,749
184,750
184,760
184,996
184,1002
184,1407
184,1511
184,1516
184,2970
184,3148
184,3188
184,3316
184,3458
184,3592
184,4023
185,535
185,1065
185,1317
185,1352
185,1889
185,3112
185,3193
185,3795
185,4987
185,4991
186,229
186,305
186,323
186,393
186,599
186,681
186,834
186,857
186,932
186,1387
186,2121
186,2124
186,2418
186,2597
186,2642
186,2723
186,3364
186,4256
186,4570
186,4948
187,401
187,534
187,972
187,1842
187,2882
187,3695
187,3786
187,3962
188,267
188,778
188,827
188,1431
188,1463
188,1566
188,2066
188,2336
188,2586
188,3177
188,3908
188,4189
189,207
189,219
189,224
189,260
189,329
189,438
189,501
189,559
189,702
189,862
189,1095
189,1173
189,1182
189,1269
189,1419
189,1542
189,1592
189,1866
189,2352
189,2439
189,2532
189,3205
189,3221
189,3330
189,3341
189,3464
189,3724
189,3793
189,4286
189,4644
189,4762
189,4895
189,4918
190,2134
190,2697
190,2860
190,3605
190,3988
191,212
191,511
191,589
191,1616
191,3482
191,4941
192,220
192,423
193,278
193,713
193,2519
193,3982
194,2601
194,4435
196,1628
196,1932
196,4640
197,325
197,769
197,812
197,1158
197,1438
197,4622
198,205
198,209
198,688
198,793
198,820
198,826
198,1272
198,1276
198,1426
198,1498
198,1565
198,2182
198,2543
198,2965
198,3461
198,3685
198,4093
198,4313
198,4491
198,4500
198,4997
199,687
199,1968
199,2087
199,2883
199,3256
200,2973
200,4374
200,4585
200,4947
201,2025
202,208
202,270
202,457
202,1521
202,3493
202,3599
202,4812
203,472
203,864
203,948
203,1389
203,1406
203,1465
203,1603
203,2303
203,3292
203,3676
203,4324
204,234
204,351
204,861
204,1014
204,1082
204,1107
204,1225
204,1800
204,1848
204,2097
204,2184
204,2213
204,2490
204,2546
204,2584
204,2682
204,2711
204,2891
204,2981
204,3051
204,3229
204,3242
204,3417
204,3706
204,3826
204,3970
204,4233
204,4285
204,4362
204,4655
204,4854
206,447
206,3710
206,4992
207,265
207,315
207,329
207,340
207,637
207,1102
207,1173
207,1367
207,1861
207,2352
207,2562
207,2855
207,2889
207,4614
207,4644
207,4690
208,270
208,387
208,390
208,406
208,457
208,526
208,1245
208,1343
208,1534
208,2028
208,2190
208,2280
208,2650
208,3267
208,4905
209,346
209,683
209,845
209,1560
209,1762
209,1976
209,2140
209,2210
209,2734
209,2786
209,2965
209,2992
209,3030
209,3779
209,3922
210,283
210,376
210,588
210,829
210,2475
210,2581
210,4387
211,3302
213,405
213,629
213,817
213,1113
213,1664
213,1705
213,2109
213,2309
213,3276
214,250
214,1043
214,4898
215,252
215,350
215,403
215,545
215,562
215,984
215,1064
215,1198
215,1778
215,1895
215,2200
215,3182
215,3236
215,4036
215,4728
216,389
216,2916
216,4139
217,248
217,425
217,606
217,956
217,1060
217,2123
217,2704
217,2740
217,3308
217,3852
217,4437
217,4545
217,4563
217,4757
218,908
218,2615
218,3589
218,3754
218,3832
219,1182
219,1592
220,423
220,514
220,517
220,582
220,703
220,729
220,2171
220,2191
220,2250
220,2359
220,2437
220,2545
220,3254
220,3626
220,3895
221,2132
221,2962
221,4510
223,415
223,1286
223,1402
223,1691
224,1205
224,4089
224,4345
225,232
225,591
225,4032
225,4217
225,4261
226,307
226,540
226,584
226,623
226,642
226,768
226,800
226,924
226,994
226,1137
226,1271
226,1306
226,1311
226,1373
226,1432
226,1570
226,1676
226,1828
226,2169
226,2334
226,2355
226,2365
226,2393
226,2665
226,2703
226,2870
226,2920
226,3107
226,3129
226,3778
226,3829
226,4091
226,4156
226,4197
226,4346
226,4498
226,4716
226,4877
227,1128
227,1546
227,2939
228,959
228,1474
228,3436
228,4849
229,323
229,765
229,976
229,1638
229,2723
229,2805
229,2847
230,3959
230,4045
231,261
231,313
231,978
231,1007
231,1646
231,2721
231,3637
232,380
232,461
232,715
232,730
232,1232
232,1248
232,1742
232,1960
232,3151
232,4039
232,4367
233,679
233,1222
233,3713
233,3817
233,3873
233,4038
234,351
234,494
234,982
234,2097
234,3242
234,3826
234,4233
235,879
236,1654
236,1692
236,3361
236,4620
237,268
237,404
237,1940
237,4759
237,4869
238,1925
238,4751
239,1298
240,873
240,1788
240,4765
242,1856
242,3732
242,3965
243,890
243,2834
244,289
244,1495
244,3144
244,3459
247,1437
247,1520
247,1681
248,606
250,1345
250,1748
250,2218
250,2448
250,2577
250,2802
250,4308
251,487
251,781
251,1499
251,1696
251,2431
251,2932
251,3074
251,4489
251,4681
251,4963
252,290
252,350
252,510
252,546
252,624
252,744
252,814
252,912
252,937
252,1233
252,1385
252,1876
252,2856
252,2971
252,2978
252,3386
252,3935
252,4319
252,4480
252,4543
252,4549
253,269
253,299
253,2333
253,3296
253,3550
253,4592
253,4730
254,320
254,2174
254,3498
255,821
255,1050
255,3115
255,4504
255,4817
256,310
256,414
256,1190
256,1195
256,1865
256,1919
256,2186
256,3662
256,4360
257,391
257,395
257,490
257,670
257,685
257,759
257,1019
257,1118
257,1135
257,1346
257,1611
257,1625
257,1795
257,1891
257,2637
257,2930
257,2964
257,3367
257,3565
257,3609
257,3670
257,3727
257,3746
257,3758
257,3808
257,4311
257,4337
257,4508
257,4744
257,4775
258,373
258,626
258,630
258,1026
258,1263
258,1399
258,1907
258,1945
258,2141
258,2339
258,2344
258,2815
258,2935
258,3259
258,3822
258,4294
258,4349
259,262
259,300
259,398
259,453
259,482
259,495
259,909
259,981
259,1013
259,1303
259,1833
259,1933
259,2434
259,2596
259,2726
259,3180
259,3183
259,3603
259,3977
259,4103
259,4379
259,4643
259,4678
260,1095
260,1844
260,2089
262,421
262,1899
262,2189
262,2223
262,2890
262,3603
262,3998
262,4954
263,271
263,500
263,806
263,1048
263,1175
263,1401
263,1418
263,1816
263,1836
263,1943
263,1955
263,2122
263,2296
263,2391
263,3402
263,3947
264,745
264,2383
264,3200
264,3244
264,4396
264,4982
265,315
265,340
265,649
265,767
265,1008
265,1404
265,1950
265,3055
265,3652
265,4556
266,3315
267,778
269,1730
269,4730
270,390
270,1521
270,3493
270,4094
270,4812
271,500
271,887
271,1048
271,1092
271,1175
271,1383
271,2391
271,2485
271,2553
271,2990
271,4355
272,388
272,428
272,1068
272,1576
272,2988
272,3505
272,3967
272,4037
273,286
273,344
273,595
273,612
273,920
273,1219
273,1482
273,1527
273,2696
273,2868
273,4836
274,285
274,308
274,2105
274,3432
276,1492
276,2428
276,4302
277,631
277,1813
277,3028
277,3690
278,1972
278,3203
279,392
279,524
279,714
279,795
279,1214
279,1361
279,2849
279,4885
280,916
280,3019
280,4892
281,4718
282,1130
283,1693
283,2475
284,1873
284,2496
284,2898
284,3764
285,308
285,1461
285,2105
285,4034
286,863
286,920
286,1076
286,1308
286,2787
286,3118
286,3241
286,3697
286,4711
286,4914
287,4647
288,4245
290,450
290,624
290,684
290,880
290,943
290,1405
290,1500
290,1640
290,2500
290,4059
291,497
291,2823
291,3035
291,3214
291,3921
292,331
292,366
292,1732
292,1744
292,1770
292,1881
292,2839
292,3425
292,4074
292,4125
292,4221
292,4774
292,4901
293,741
293,3398
294,324
294,1853
294,2128
294,4133
295,4214
296,386
296,1024
296,2440
296,3172
296,3514
297,615
297,1805
297,3800
298,426
298,1207
298,3987
300,839
300,1013
301,605
301,1260
301,3480
301,4350
302,480
302,1537
302,1817
302,2079
302,3275
302,4897
303,304
303,516
303,707
303,1046
303,1287
303,1857
303,2982
303,4942
305,599
305,681
305,992
305,1378
305,1528
305,2469
305,3206
305,4399
307,1167
307,1271
307,1828
307,2623
307,2665
309,697
309,3092
309,4327
310,1190
310,1471
310,1594
310,2038
311,776
311,1761
311,1794
311,1808
311,1911
311,3524
311,3730
311,3860
311,4067
312,455
312,663
312,743
312,2065
314,385
314,2106
314,3853
314,4373
315,637
315,787
315,1093
315,1367
315,1489
315,1782
315,2811
315,3227
315,3434
315,3504
315,3624
315,3802
315,4035
315,4049
315,4411
315,4522
315,4690
316,3065
316,4859
317,394
317,4623
318,1132
319,338
319,1189
319,1749
319,2226
319,3815
319,4747
320,528
320,710
320,1825
320,1973
320,2319
320,3722
321,4633
322,836
322,974
322,1053
322,1079
322,1146
322,1268
322,2178
322,2803
322,3093
322,3635
322,4180
322,4452
323,393
323,976
323,2124
323,2998
324,2128
324,2725
324,2749
324,2760
324,2840
324,3798
324,3912
325,812
326,662
326,922
326,1773
327,408
327,859
327,1028
327,1243
327,1305
327,1423
327,1792
327,2311
327,2687
327,3479
328,3286
329,2532
330,1188
330,2090
330,2435
331,1141
331,1518
331,1732
331,3953
331,4181
332,1358
332,2070
332,2088
332,3002
332,3052
332,3204
332,3755
332,4312
333,462
334,625
334,1485
334,1569
334,2252
334,2484
334,2756
334,3835
334,4193
335,504
335,512
335,602
335,634
335,1040
335,1333
335,1400
335,1464
335,1814
335,1834
335,2504
335,2657
335,2695
335,2966
335,3457
335,4301
335,4391
335,4497
336,608
336,1229
336,1533
336,2145
336,2179
336,3966
337,2353
337,3395
338,1321
338,1958
338,2154
338,3522
338,4087
338,4999
339,1327
339,2103
340,1008
340,2562
340,2889
340,4027
341,2095
341,2176
341,2298
341,3460
341,3660
341,4591
341,4641
342,443
342,498
342,505
342,525
342,554
342,555
342,618
342,641
342,689
342,736
342,771
342,773
342,942
342,944
342,1161
342,1251
342,1391
342,1459
342,1589
342,1984
342,2072
342,2118
342,2395
342,2498
342,2566
342,2804
342,3070
342,3252
342,3825
342,3887
342,3951
342,4120
342,4239
342,4354
342,4721
342,4870
342,4955
344,612
344,985
344,1219
344,1458
344,1482
344,4709
346,845
346,1762
348,1022
348,4398
348,4462
349,515
349,801
349,1203
349,1380
349,1440
349,1786
349,2583
349,2595
349,2775
349,2838
349,2852
349,2867
349,3470
349,3484
349,3653
349,3748
350,546
350,678
350,814
350,4821
351,494
352,372
352,1898
352,1992
352,3282
353,1913
353,2301
353,2360
353,2405
353,4846
355,1073
355,3080
356,1522
357,396
357,407
357,1029
358,470
358,783
358,882
358,1038
358,1339
358,2606
358,3135
358,3309
358,3684
358,3848
358,3882
358,4088
358,4449
358,4579
358,4587
358,4636
358,4951
360,3379
361,410
361,876
361,963
361,2706
361,3026
362,4234
363,442
363,523
363,926
363,1360
363,1870
363,2400
363,2949
363,4167
363,4266
364,381
364,530
364,627
364,837
364,3123
364,3231
364,4378
364,4795
366,868
366,940
366,1716
366,1785
366,2203
366,4102
367,368
367,4397
369,1753
369,2032
369,2808
369,3081
369,3178
369,3544
369,4145
370,4116
372,4889
373,626
373,1907
373,1945
373,2083
373,2344
373,2815
373,3064
373,3217
373,3698
374,1766
375,596
375,718
375,733
375,1126
375,1133
375,1862
375,2051
375,2674
375,3191
375,3569
375,4742
376,418
376,518
376,588
376,752
376,958
376,1377
376,1949
376,2324
376,2894
376,3079
376,3399
377,617
377,667
377,1439
377,2102
377,3610
377,3867
377,4934
378,384
378,917
378,1204
378,1620
378,1680
378,2474
378,3253
378,3391
378,3501
378,3506
378,3872
378,3880
378,4405
381,446
381,530
381,704
381,706
381,1163
381,1336
381,3123
381,3667
381,4248
381,4378
382,537
382,770
382,4188
383,3091
384,566
384,698
384,716
384,2737
384,3358
384,3429
384,4995
386,496
386,2440
386,2525
387,1245
387,1277
387,1343
387,2028
387,2034
387,3243
387,3291
387,3339
388,428
388,431
388,898
388,1068
388,1105
388,2988
388,4037
389,2916
389,4247
390,4094
390,4905
391,395
391,490
391,685
391,691
391,789
391,1019
391,1479
391,1891
391,3156
391,3260
391,3622
391,3940
391,4408
392,714
392,1660
392,2849
392,4546
394,459
394,993
395,789
395,810
395,1611
395,2517
395,2527
395,3565
395,3574
395,4311
396,1029
396,1052
396,1088
396,1837
396,4434
397,583
397,586
397,1218
398,453
398,495
398,950
398,1169
398,1297
398,2462
398,3526
398,3679
398,4084
399,440
399,539
399,792
399,973
399,1025
399,1121
399,1153
399,1240
399,1261
399,1270
399,1337
399,1530
399,1573
399,1658
399,1781
399,1789
399,1930
399,2027
399,2236
399,2308
399,2354
399,2508
399,2777
399,2888
399,3111
399,3119
399,3187
399,3226
399,3288
399,3705
399,4061
399,4097
399,4144
399,4184
399,4226
399,4235
399,4282
399,4515
399,4698
400,1467
400,1880
400,2085
401,1842
401,3735
401,4104
402,811
402,2099
404,1910
404,4425
404,4759
405,629
405,720
405,842
405,915
405,1119
405,1902
405,2693
405,3489
405,4263
405,4278
405,4828
407,441
407,464
407,947
407,1138
407,1356
407,2255
407,2414
407,3012
407,3365
407,3658
407,3736
407,3768
407,4098
407,4179
407,4710
408,1435
409,513
409,1623
409,4429
410,726
410,1197
410,1295
410,1331
410,1547
410,2337
410,3969
410,4075
410,4326
410,4693
411,424
411,467
411,581
411,590
411,1006
411,1731
411,2533
411,3371
411,4968
412,4012
413,548
413,1318
413,1469
413,1961
413,2030
413,2579
413,2627
413,2680
413,3607
413,4773
413,4822
413,4916
413,4965
414,4360
414,4544
416,541
416,1230
416,1450
416,1504
416,2006
416,4065
416,4099
416,4478
417,547
417,622
417,831
417,1151
417,4137
417,4438
418,752
418,958
418,1054
418,1108
418,1377
418,2455
418,3771
420,1316
420,1739
421,1899
421,2189
421,2223
421,4966
422,760
422,1452
423,514
423,703
423,1666
423,2250
423,2437
423,3626
423,4228
424,527
424,4259
424,4628
426,1207
426,1445
426,2194
426,3301
426,3734
427,658
427,1509
427,3157
427,3389
428,431
428,898
428,2785
428,3149
428,3320
428,3350
428,4079
429,444
429,731
429,953
429,1004
429,1021
429,1290
429,1421
429,1826
429,1894
429,2306
429,2503
429,2709
429,3372
429,3840
429,4981
430,585
430,693
430,4416
431,3149
431,4079
432,445
432,780
432,913
432,1206
432,1941
432,2229
432,2613
432,2648
432,3753
432,4129
432,4395
432,4725
433,509
433,1457
434,600
434,914
434,1564
434,2401
434,2446
434,2955
434,3155
434,3454
434,3559
434,3944
434,4185
434,4307
434,4707
434,4970
434,4971
435,661
435,935
435,1802
435,2544
435,2717
435,4007
435,4321
437,492
437,1319
437,1550
437,1893
437,3181
437,3219
437,3468
437,3954
437,4723
438,702
439,1395
440,792
440,1153
440,1270
440,1337
440,1353
440,3226
440,3737
440,4061
440,4144
440,4226
441,694
441,964
442,523
442,1360
442,1587
442,2270
442,2400
443,505
443,508
443,555
443,762
444,731
444,953
444,1004
444,1021
444,1177
444,1264
444,1421
444,1938
444,2503
444,4369
446,1849
446,4984
447,1157
447,1843
447,2644
449,999
449,2188
449,2869
449,3220
451,1510
451,1916
451,2076
451,3058
451,3383
451,3384
452,476
452,485
452,1344
452,2152
452,2230
452,2549
452,2643
455,743
455,877
455,1791
455,1852
455,2065
455,3369
455,4823
456,794
456,991
456,1210
456,1234
456,2824
456,3133
456,3163
456,3641
456,4135
456,4140
456,4260
456,4584
456,4872
457,526
457,2403
457,3599
458,484
458,785
458,1312
458,1656
458,2033
458,2113
458,2277
458,2523
458,2719
458,2747
458,2755
458,3338
458,3547
458,3712
458,4191
458,4977
459,993
460,2921
460,4095
461,715
461,3542
461,3772
461,4367
462,822
464,947
464,2945
464,3012
464,3430
464,3516
465,475
465,1087
465,1677
465,2829
466,520
466,905
466,954
466,1687
466,2795
467,1200
467,2542
467,3830
467,4447
467,4648
468,2630
468,2943
469,1673
469,2243
469,2502
469,2961
470,878
470,1031
470,1339
470,4071
470,4088
472,864
472,948
472,1077
472,1389
472,1447
472,1465
472,1970
472,2423
472,3743
472,4484
473,2187
473,4252
474,3274
475,1677
475,2424
475,2829
475,2917
476,2152
476,2230
476,2549
476,2879
477,2477
477,2727
478,592
478,728
478,1215
478,1372
478,2610
478,2850
478,4927
479,825
479,961
479,2871
479,3261
479,4148
481,798
481,1480
481,2936
481,3675
482,981
482,1614
482,1777
482,1900
482,1967
482,2853
482,3183
482,3450
482,3557
482,3942
482,3950
482,4560
482,4714
482,4785
483,998
483,1484
483,1863
483,2491
483,3700
483,4586
484,1097
484,1144
484,1581
484,2567
484,2747
484,2993
484,3796
484,4617
486,2060
486,3033
486,3927
487,781
487,1499
487,1790
487,4353
487,4681
489,1228
490,691
490,1362
490,3156
490,3260
491,1037
491,1948
491,3084
491,3375
491,3847
493,2104
493,4222
494,982
494,1540
495,950
495,1169
495,1297
495,1799
495,2462
495,3526
495,3679
495,4022
495,4195
495,4351
495,4631
495,4643
495,4749
496,3264
497,2008
498,3252
499,668
499,2363
499,2479
499,3458
499,3640
500,887
500,1092
500,2485
500,2990
501,1296
501,1542
501,2242
502,3233
504,634
504,1814
504,1834
504,2504
504,3280
505,508
505,554
505,736
505,2094
506,2421
506,2968
507,3654
509,2139
510,744
510,1443
510,2856
510,2912
510,3591
510,3760
510,4319
510,4401
511,682
511,960
512,602
512,832
512,966
512,1040
512,1063
512,2235
512,3279
512,3623
512,4016
512,4736
514,517
514,1666
514,3254
515,533
515,686
515,701
515,801
515,1104
515,1380
515,1609
515,1757
515,2077
515,2310
515,2594
515,2640
515,2700
515,2742
515,2852
515,2864
515,2924
515,3306
515,3484
515,3587
515,3714
515,3915
515,4361
516,1046
516,1185
516,1621
516,3896
517,582
517,2171
518,563
518,613
520,954
521,1285
521,1618
522,1329
522,4715
523,1870
523,2270
523,2332
524,569
524,628
524,719
524,3500
524,3545
525,3671
526,2403
528,3125
529,1456
531,1284
531,2983
533,686
533,1757
533,2742
533,2864
533,4826
534,972
534,1729
534,1767
534,1985
534,4068
534,4296
535,1889
535,1921
535,1986
535,3416
535,4343
535,4580
535,4991
536,669
536,725
536,1708
536,3077
536,3546
537,587
537,4258
540,930
540,994
540,1486
540,1655
540,1740
540,1747
540,1904
540,2056
540,2196
540,2317
540,2857
540,2920
540,3039
540,4147
540,4485
540,4502
540,4684
540,4815
541,1504
541,4478
542,955
542,1636
542,1954
542,3251
542,3342
542,3507
542,3759
542,4547
543,784
543,3197
544,757
544,1434
546,678
546,1035
547,734
547,1033
547,2380
547,4274
548,1318
548,1469
548,2627
549,1473
549,2459
550,666
550,1058
550,1226
550,1446
550,2221
550,2782
551,1599
551,3202
552,639
552,819
552,983
552,1743
552,3438
552,4534
553,4599
554,2395
555,942
555,2698
556,1667
556,4521
557,2069
557,2271
558,965
559,2439
561,640
561,850
561,1363
561,1675
561,1715
561,2018
561,2375
561,2952
561,3189
561,3625
561,4787
563,613
563,1741
563,2685
563,4746
564,568
564,823
564,934
564,949
564,1661
564,1868
564,2486
564,2788
564,3620
564,3874
564,4025
564,4314
564,4780
564,4829
564,4903
565,756
566,698
566,716
566,758
566,1994
566,2737
566,3358
566,3429
566,4995
567,700
567,871
567,1310
567,2947
567,3136
567,4607
568,823
568,934
568,3611
568,3620
568,4224
568,4559
569,719
569,3015
569,3519
570,860
570,1350
570,2244
570,2732
570,2764
570,3141
570,3469
570,3541
570,3600
571,2007
571,2227
571,2471
571,3145
572,1490
574,3666
575,712
575,1887
575,2272
577,1122
577,4867
578,885
578,1923
578,2291
578,4542
578,4750
578,4896
579,1016
579,1544
579,1617
579,4127
580,1436
582,729
582,2359
583,840
583,1143
583,1637
583,2021
583,3223
583,4566
584,800
584,3160
584,4498
585,616
585,805
585,952
585,1481
585,2166
585,2559
585,4959
586,1009
586,1275
586,1526
586,1608
586,2168
586,4348
587,4258
587,4393
588,1949
589,610
589,919
589,1292
589,1568
589,4840
590,1478
590,1645
590,2432
590,3744
592,1372
593,2040
593,2111
593,3374
593,3632
594,651
594,1036
594,1201
594,1632
594,2039
594,2589
594,3040
595,2222
596,718
596,884
596,899
596,1044
596,1154
596,1821
596,1927
596,2029
597,4553
598,808
598,1768
598,3166
598,4322
598,4646
599,2121
599,2597
599,3364
600,3454
600,4971
602,4301
603,632
603,1150
603,1330
603,1341
603,2598
603,3420
604,1874
606,4545
607,1017
608,1229
608,1533
608,3966
609,4141
611,4926
612,985
612,1458
612,4836
613,1741
613,2685
613,3333
613,4593
613,4746
614,2611
614,3290
614,4243
615,3800
616,805
616,1170
616,1481
616,1501
616,2397
616,4835
618,1459
619,643
619,652
619,906
619,1110
619,1348
619,1355
619,1357
619,1410
619,1424
619,1496
619,2131
619,2678
619,2791
619,2854
619,3029
619,3122
619,3175
619,3356
619,3687
619,3983
619,4155
619,4653
620,1120
620,3792
621,1750
621,1758
621,1851
621,3101
621,3171
621,3646
621,4839
623,1736
623,2355
623,2639
623,3756
624,684
624,943
624,1640
624,4059
625,883
625,2539
625,3393
627,847
627,1820
627,1965
627,2507
627,2801
627,3733
627,4291
629,720
629,915
629,1119
629,2309
629,2376
629,2693
629,3095
629,3368
629,3452
629,3489
629,4278
630,1263
630,4052
631,3028
632,1341
632,1989
632,2147
632,2358
632,3060
632,3892
632,4564
633,1116
633,3761
633,4541
634,1400
635,4529
637,787
637,1093
637,1489
637,1782
637,2666
637,2980
637,3504
637,3802
637,4468
638,3879
639,819
639,1743
639,3438
639,4913
640,1804
641,1984
641,2047
641,2072
642,1209
642,1858
642,1944
642,2086
642,2125
642,2149
642,2626
642,2754
642,3376
642,3917
642,4519
642,4537
643,652
643,1123
643,1355
643,1424
643,1476
643,1552
643,1643
643,2599
643,2679
643,3082
643,3344
643,3567
644,1382
644,3721
645,893
645,1532
645,1548
645,1815
647,936
647,2136
647,2588
647,3154
647,4380
648,1875
648,3957
651,1201
651,1632
651,1726
651,1829
651,3017
651,3230
652,1110
652,1123
652,1338
652,1643
653,673
653,1320
653,4257
654,777
654,1441
654,1597
655,2158
655,4375
656,749
656,1103
656,1180
656,2150
656,2509
656,3148
656,3150
656,3834
656,4371
657,664
657,852
657,902
657,933
657,1529
657,2127
657,2374
657,2402
657,2886
657,3478
657,3903
658,841
658,1514
658,2927
658,3711
659,1931
659,3502
660,1619
660,2905
660,3486
660,3898
661,2717
662,737
662,922
662,3162
662,4654
663,3401
664,933
665,990
665,1244
666,1058
666,2624
666,2782
666,4724
667,748
667,2102
667,2312
667,2793
667,3610
668,1511
668,2692
668,2970
668,3047
668,3188
668,3751
668,4023
669,3875
669,4467
670,1118
670,1625
670,2637
670,3727
670,3808
671,2699
671,3249
671,4470
672,1247
672,3048
674,971
674,1067
674,1472
674,3790
674,4368
674,4755
678,1035
678,1983
679,1222
679,1908
679,2514
679,2609
679,2792
679,2809
679,2922
679,2934
679,3103
679,3270
679,3521
679,3713
679,4090
679,4113
679,4218
679,4621
679,4642
679,4720
680,907
680,1149
680,1572
680,2628
680,3907
681,992
681,1023
681,1951
681,2642
681,3583
682,2712
684,880
684,2500
685,759
685,1135
685,1479
685,3758
686,701
686,3025
686,3714
687,925
687,1968
687,2087
687,2883
688,717
688,738
688,793
688,826
688,869
688,1071
688,1324
688,1498
688,1538
688,1775
688,1915
688,2055
688,2248
688,2420
688,2605
688,3117
688,3433
688,3606
688,3645
688,3716
688,4313
688,4894
689,1251
690,4456
691,1362
691,3622
691,3940
692,2279
692,2714
692,2959
692,3799
692,3911
692,4363
692,4745
692,4804
693,1020
694,849
695,786
695,1685
695,3287
695,3703
696,1920
699,1127
701,1104
701,1609
701,1772
701,2640
701,2689
701,2700
701,2924
701,3025
701,3327
701,3373
701,3554
701,3590
701,4454
703,2545
703,2763
703,2826
703,3895
703,4228
704,706
704,1015
704,1163
704,2407
704,2669
704,3087
704,3553
704,3648
704,3816
704,4168
704,4255
705,4969
706,1015
706,3553
706,4168
707,1055
708,3784
709,747
709,766
709,1196
709,1629
709,2515
709,4778
710,1973
711,2093
713,796
713,2438
713,2519
713,4283
714,795
714,799
714,1361
714,1370
714,1660
714,1704
714,2073
714,2771
714,2926
714,3527
714,4227
714,4661
715,730
715,1232
715,2743
715,2769
715,3268
715,3814
715,4151
715,4532
715,4699
715,4700
716,758
716,1466
717,738
717,870
717,1071
717,1100
717,1699
717,3117
717,4130
717,4287
717,4420
717,4615
718,733
718,899
718,1126
718,1133
718,1551
718,2481
718,2674
718,3561
718,3569
718,3656
718,4385
718,4609
718,4958
719,3015
721,809
721,1602
721,2170
721,2651
721,2767
721,2913
723,1328
723,1381
723,1505
723,3277
724,3340
726,1197
726,2999
727,986
727,1217
727,1304
727,1523
727,1721
727,2251
727,2276
727,2681
727,2708
727,2736
727,2948
727,4298
728,2610
728,2850
730,2743
730,3814
730,4151
730,4532
730,4551
730,4577
730,4699
730,4700
732,1449
732,2259
732,2875
732,4004
734,2896
734,4866
735,1879
735,2350
736,773
736,2094
736,2118
736,2716
736,3891
736,4173
737,4654
738,1324
738,1775
738,2248
738,2800
738,3939
739,872
739,1593
740,1062
740,2335
740,2895
740,4201
740,4210
740,4347
741,3398
741,4333
742,987
742,3269
742,4105
742,4962
742,4986
743,877
743,1791
743,1839
744,912
744,1443
744,2912
744,3591
744,4543
745,2129
745,2426
745,4013
746,1830
747,3902
748,2793
749,996
749,1103
749,2766
750,1407
750,1580
751,1164
751,2295
751,2974
751,3298
752,1054
752,1108
752,1168
752,1783
752,2208
752,2324
752,3079
752,3114
752,3323
752,3771
752,3845
752,3932
752,4003
753,1237
753,1639
753,1812
753,2346
753,3523
754,2622
754,3405
754,4382
755,835
755,1293
755,1425
755,1556
755,1718
755,2037
755,2781
756,813
757,1117
757,3709
758,1466
759,1346
759,1433
759,2964
759,4775
759,4911
760,1002
760,1220
760,1452
760,3592
761,2369
761,3904
763,962
763,2967
763,4482
764,968
764,970
765,1070
765,2750
765,2821
765,3694
765,4309
767,1404
767,3050
767,4206
767,4524
767,4572
769,1957
769,2050
769,3766
771,1460
771,2233
771,3018
772,815
772,2120
772,2568
772,3963
773,944
773,1142
773,3070
773,4173
774,1282
774,4356
775,2264
776,790
776,1911
776,2299
776,3210
776,3370
776,3387
776,3576
776,4067
776,4082
777,3265
778,1566
780,2531
781,4353
782,3568
782,4161
783,816
783,844
783,1246
783,1525
783,1845
783,3684
785,4288
786,1685
787,4468
789,810
792,973
792,4515
793,2420
793,2848
795,799
795,1214
795,1370
795,1704
795,2738
795,2771
795,2926
795,3527
796,1703
796,2167
797,2453
797,2663
797,3407
797,3428
798,1480
798,3198
798,3813
799,2738
800,1311
800,1351
800,1570
800,2334
800,2365
800,3160
800,3176
800,3345
800,3628
800,3854
800,3941
800,4886
801,2310
801,2594
801,3587
802,1212
803,856
803,4044
804,1375
804,1990
804,2084
804,2710
804,3246
804,3285
804,4264
804,4863
805,2559
805,4782
806,1418
806,1943
806,2296
806,3552
807,833
807,1096
807,1114
807,1924
807,2688
807,3127
808,3289
808,4810
809,1300
809,1713
809,2170
809,2356
809,3674
809,4511
810,2517
814,937
814,4821
816,1525
816,1845
816,2135
816,2321
816,3655
817,2806
817,3739
818,3463
818,3842
818,4850
821,1050
823,4224
823,4314
824,1098
824,2239
824,2819
825,3310
825,4162
827,2043
827,2900
827,3918
828,2049
828,2232
828,2328
828,2636
828,3225
828,4741
828,4814
828,4865
828,4882
830,1057
830,1354
830,1912
830,2386
830,3560
831,4492
832,1494
832,2163
832,2325
833,2302
834,1387
835,1249
835,1475
835,3677
836,1268
836,3635
838,980
838,1075
838,2368
838,2512
839,896
840,1860
840,4001
841,1224
841,1506
841,1712
841,1886
841,2036
841,4370
841,4431
844,1250
845,3030
848,3805
849,1810
849,2580
850,2907
850,3625
851,1186
851,2778
853,2600
853,3900
855,1756
855,2810
856,2269
856,4922
857,4776
858,2798
859,1028
859,1423
859,4269
861,2711
861,3051
862,4006
862,4762
863,3241
863,3627
863,3697
863,4789
864,2303
864,4484
865,3742
866,1208
866,3820
866,3864
866,4820
867,1995
867,2260
867,3168
867,3868
867,4402
868,2180
868,2292
868,2914
868,3235
868,3538
868,4845
869,1759
869,1903
869,2605
869,3633
870,1235
870,1699
870,2211
870,2238
870,2447
870,4287
870,4420
872,888
872,1199
872,1577
872,2915
872,3717
873,4765
874,928
874,1131
874,1172
874,2958
874,3195
874,3250
874,3824
874,4310
874,4634
875,1369
875,2372
876,1325
876,1335
876,1561
876,2706
876,3818
876,4722
877,1839
877,1978
877,3089
880,1405
880,1500
880,1847
881,2602
882,2606
882,2844
882,3135
882,4579
883,3393
883,4649
884,1044
884,1821
884,1927
884,4670
886,1728
888,995
888,997
888,1668
888,1669
888,2799
888,3717
888,3851
890,1241
890,2214
892,4159
892,4906
893,1280
893,1815
894,1975
894,2010
894,2261
894,2499
894,4950
895,1069
895,1413
895,2833
895,2843
895,3499
896,1049
896,1763
896,3023
898,2785
898,3320
899,1154
899,1551
899,3561
899,4306
899,4609
899,4958
900,2488
901,1412
901,2031
901,4664
902,2374
902,2548
902,3478
902,4908
903,3078
904,957
904,2845
905,1864
905,4142
906,1410
906,1735
906,2367
906,2480
906,2984
906,3687
906,4412
908,941
908,1707
908,2615
908,3754
909,1124
909,3729
912,1876
912,4480
913,1206
913,2229
913,2648
913,3753
913,4725
914,1964
914,1979
914,2946
914,3054
915,3095
916,3019
917,1620
917,3128
917,3501
918,945
918,1612
919,1292
920,1076
920,1308
920,2787
921,2676
921,2768
921,3357
922,3162
923,1202
923,1294
923,2796
923,4443
923,4733
924,4315
925,1302
925,3586
926,1710
927,1176
927,1420
927,2443
927,2563
927,2797
928,1131
928,2114
928,2283
928,2457
928,2675
928,2958
929,1090
929,1183
929,1267
929,1997
929,2003
929,2185
929,2201
929,2202
929,3207
929,3351
930,1904
930,3920
932,1417
932,1700
932,2493
932,3487
933,2886
934,4559
935,2544
936,2136
936,2745
938,1034
938,1982
938,2396
938,2954
938,3353
938,3693
938,4740
938,4799
940,975
940,1393
940,1787
940,1796
940,3062
940,3806
940,4738
941,1707
941,1720
941,2461
942,2698
942,3951
944,1142
944,2804
946,1585
946,1882
946,3639
946,4131
947,1138
947,2414
947,2945
948,3743
949,1624
949,1661
949,3836
949,3874
949,4000
951,1491
953,1938
953,4432
955,4547
956,2704
956,4325
956,4437
959,3436
960,1733
960,2362
960,2859
960,4415
961,2017
961,3261
961,4148
962,1448
964,1191
966,1063
966,1388
966,1724
966,2673
966,3346
966,3765
966,4736
969,1085
969,1125
969,1299
969,1755
969,1918
969,1980
969,2684
969,2752
969,3362
969,4010
971,2062
971,2287
972,3786
973,1658
973,2354
973,2398
973,2508
973,3069
973,3111
973,3263
975,1393
975,1787
975,1823
975,2107
975,4303
976,2998
976,4128
977,1674
977,2672
977,3314
979,4754
980,1622
981,1614
981,1900
981,1967
981,2744
981,2853
981,3167
981,3180
981,3450
981,3595
981,3950
981,4154
981,4560
981,4785
982,1540
984,1064
984,1194
984,1959
984,2554
984,2634
984,2762
984,3237
986,2108
986,2276
986,3773
987,4962
988,3406
989,1698
989,2290
990,1678
991,1672
991,2126
991,2824
991,4236
992,1023
994,1740
995,997
995,1697
995,3037
997,1697
997,3037
998,1000
998,1347
998,1392
998,2452
998,2526
998,3702
998,4024
998,4183
998,4868
1001,1099
1001,3400
1002,1220
1003,1662
1005,1278
1006,1686
1006,2357
1006,3371
1006,4073
1007,1646
1007,2237
1007,4796
1008,4027
1009,1051
1009,1238
1009,1275
1009,2384
1011,2002
1011,2741
1012,1414
1012,3528
1012,3862
1012,4042
1013,1933
1013,4379
1014,2213
1015,2407
1016,1081
1016,1544
1016,2528
1016,2638
1016,4127
1017,1160
1017,1171
1017,1519
1017,1854
1017,1896
1021,1177
1021,1403
1021,1826
1021,1894
1021,2348
1021,2454
1021,2972
1021,4369
1022,2629
1023,1951
1023,2901
1023,3583
1024,2683
1024,3172
1024,3514
1026,2141
1027,2074
1027,2635
1028,1243
1028,1792
1028,4272
1028,4798
1028,5000
1029,4434
1030,1193
1030,2320
1030,3311
1030,3979
1031,4071
1032,1956
1034,2396
1034,3693
1034,3933
1034,4110
1034,4464
1035,1983
1037,2789
1038,1774
1038,1917
1040,2235
1040,3623
1040,4016
1041,1652
1041,1769
1041,2144
1041,2156
1041,2541
1041,3003
1041,3601
1041,3923
1041,3934
1042,1558
1042,2436
1042,3085
1042,3174
1042,4978
1043,1835
1044,4670
1045,2228
1046,1185
1046,1621
1047,1454
1047,2530
1047,2631
1047,3424
1047,4122
1048,1955
1050,4504
1051,1238
1051,1574
1052,1088
1052,1145
1052,1635
1052,1837
1052,2138
1052,2522
1052,2957
1053,1079
1053,2068
1053,4111
1053,4180
1054,1168
1055,2345
1056,3650
1057,1912
1057,3560
1059,1216
1059,1878
1060,3308
1063,1388
1063,1724
1063,3044
1063,3409
1063,3765
1064,1194
1064,3182
1065,1317
1065,1470
1065,1563
1065,1801
1065,2075
1065,2192
1065,2327
1065,2518
1065,2832
1065,2975
1065,3143
1065,3515
1065,3704
1065,3855
1065,4085
1065,4987
1066,1101
1066,1497
1066,3105
1067,4368
1069,1413
1069,2843
1070,4309
1071,1100
1071,2516
1071,3716
1071,4199
1071,4713
1072,1615
1072,2565
1072,4119
1072,4910
1073,2267
1074,1827
1074,2616
1074,3215
1075,2512
1075,3190
1075,3533
1075,4041
1076,3118
1078,1366
1078,2012
1078,2385
1079,1146
1079,2068
1079,2178
1080,1166
1081,1929
1081,2528
1081,2638
1082,1225
1082,1848
1082,4285
1082,4655
1084,1659
1084,4538
1084,4601
1085,1299
1088,1145
1088,2522
1088,2957
1088,3812
1088,3897
1088,3916
1088,4182
1088,4734
1089,1427
1090,1545
1090,2185
1090,2199
1090,4028
1091,3041
1093,2666
1093,2980
1093,4411
1094,4550
1095,1844
1095,3330
1097,1144
1097,2567
1097,3725
1098,2239
1098,3672
1099,1665
1099,2313
1099,3443
1099,4949
1100,2516
1101,1140
1101,1236
1101,2985
1101,3678
1103,2766
1103,3642
1103,4743
1104,1772
1106,1371
1106,2023
1107,2289
1107,2891
1107,4666
1108,3114
1108,3513
1108,4668
1109,1252
1109,1684
1109,1999
1109,2143
1109,2209
1109,2729
1109,2817
1109,3467
1109,4993
1110,1348
1111,1314
1112,2425
1115,1159
1115,1178
1115,1257
1115,1885
1115,2022
1115,2142
1115,2556
1115,2659
1115,4057
1115,4124
1115,4663
1115,4862
1115,4933
1116,3761
1116,4645
1118,1795
1118,2930
1118,3367
1118,3531
1118,3746
1118,3791
1118,4317
1119,3368
1121,1530
1121,1663
1122,2478
1122,4867
1123,1338
1123,3344
1123,3567
1124,2720
1124,3585
1124,3729
1127,1562
1127,3783
1127,4417
1129,1322
1129,1379
1129,2571
1129,2757
1129,4051
1129,4304
1131,2114
1131,4634
1133,2051
1133,2481
1133,4539
1133,4858
1136,1859
1136,2464
1136,2482
1136,2953
1136,3984
1137,2169
1137,2870
1137,4091
1137,4426
1139,1601
1139,3318
1140,4909
1143,1637
1143,2021
1143,4566
1143,4677
1144,4617
1145,3812
1147,1187
1147,4769
1147,4837
1148,1648
1148,2019
1148,2655
1148,2667
1148,3673
1148,3699
1148,4138
1148,4231
1148,4626
1151,2730
1151,4137
1151,4438
1153,2027
1154,2029
1154,2884
1156,4937
1158,4622
1159,1178
1159,1885
1159,1988
1159,2022
1159,2323
1159,2556
1159,2659
1159,3303
1159,3881
1159,4057
1159,4064
1159,4708
1160,3617
1161,1589
1161,1610
1161,2566
1161,2612
1161,3556
1161,4955
1163,3648
1165,2831
1165,4187
1165,4460
1168,1783
1168,2208
1168,3845
1168,4003
1168,4253
1169,1799
1171,3619
1173,1861
1177,1264
1177,1403
1177,2555
1177,2972
1177,3137
1177,3378
1178,4124
1178,4708
1179,1309
1179,1374
1179,1483
1179,2807
1179,4056
1179,4806
1180,1897
1180,2150
1180,3834
1181,1598
1181,2116
1181,4469
1182,1269
1182,1419
1183,3351
1184,1555
1184,3007
1185,3896
1186,3577
1187,4837
1188,2435
1189,1749
1189,2578
1189,3815
1189,4747
1190,1471
1190,2038
1191,1604
1192,1942
1192,3108
1194,2554
1194,4924
1197,2337
1197,2999
1197,4326
1201,1726
1202,2796
1202,4443
1202,4940
1203,2595
1204,4405
1204,4851
1205,4089
1205,4345
1206,2613
1206,4409
1207,2194
1207,3734
1209,1689
1209,2125
1209,2626
1209,4537
1210,1266
1210,1890
1210,3271
1210,3284
1210,3749
1211,3440
1211,3886
1211,4575
1211,4604
1215,3312
1216,1878
1216,3218
1219,4709
1222,2514
1222,2809
1224,2036
1224,3659
1226,1446
1226,2221
1226,2224
1226,2361
1226,2450
1226,3159
1228,2207
1228,3437
1230,2006
1230,4065
1231,2715
1232,2769
1232,3268
1233,1385
1233,1631
1233,2971
1233,3056
1233,3740
1233,3935
1234,1288
1234,1349
1234,2560
1234,3445
1234,4930
1235,3257
1236,2985
1236,3678
1241,2214
1241,3657
1243,4272
1244,2427
1245,1277
1245,1534
1247,3048
1248,1742
1248,2014
1249,1475
1252,1999
1252,2817
1252,3049
1254,1905
1255,3388
1256,3844
1258,1512
1258,1962
1258,1966
1258,2851
1258,3919
1260,2098
1260,3480
1261,1573
1261,1789
1262,1871
1263,3259
1263,3929
1264,3137
1265,1947
1265,2101
1266,1890
1266,3284
1267,2003
1267,4055
1269,1866
1274,1877
1275,2168
1275,2384
1275,4348
1278,2212
1279,1571
1279,1888
1279,2364
1280,2858
1280,4548
1281,1429
1281,4658
1284,2983
1284,4880
1285,1618
1285,1683
1285,4967
1286,1402
1286,1539
1286,2460
1286,3116
1286,3153
1286,4383
1289,3769
1290,3840
1291,1342
1291,1508
1291,2059
1291,2783
1291,3850
1293,1567
1293,1811
1293,2161
1293,2304
1293,2607
1293,2748
1293,2937
1293,3043
1293,3140
1293,3179
1293,3938
1293,4100
1295,1547
1295,4075
1296,1934
1296,2242
1296,4121
1299,2684
1299,4077
1303,2265
1303,2415
1304,2251
1304,4011
1305,1517
1306,1676
1306,2591
1306,2620
1306,4985
1307,1998
1307,2183
1307,2933
1308,4914
1309,1374
1309,4056
1310,1584
1310,2082
1310,2585
1310,3136
1310,3335
1310,3397
1310,4607
1310,4830
1311,1351
1311,1373
1311,2703
1311,4886
1314,1595
1314,2408
1314,2814
1314,4717
1316,3222
1317,1470
1317,2192
1317,2327
1317,2518
1317,3704
1317,3715
1319,3219
1319,3954
1319,4818
1320,4078
1322,1379
1322,2173
1322,2422
1322,2571
1322,4304
1324,1538
1324,2800
1324,2874
1324,4703
1324,4813
1325,1335
1325,1590
1325,2876
1326,2458
1326,4608
1327,1554
1327,1751
1327,2103
1327,2691
1327,3474
1327,3602
1327,3811
1327,4446
1329,2690
1329,4715
1333,2909
1335,1590
1335,4722
1336,1583
1336,3465
1336,4961
1337,1353
1337,3737
1339,4636
1341,1989
1341,2358
1341,2598
1341,3451
1341,4665
1342,1508
1342,1809
1342,2059
1342,2722
1342,2783
1343,3243
1343,3339
1345,2577
1345,2802
1345,2899
1345,4308
1346,1433
1346,3609
1346,4583
1346,4911
1347,4024
1347,4238
1348,3029
1348,3175
1349,1428
1349,3980
1350,2244
1350,3925
1351,3176
1351,3941
1352,3112
1352,4366
1354,1630
1356,2255
1356,2587
1356,3106
1356,3305
1356,3658
1356,4874
1357,2492
1357,3964
1358,2254
1359,2061
1359,2148
1359,3021
1359,3104
1359,3158
1363,2668
1363,2952
1365,2470
1365,3518
1365,4915
1366,1503
1366,1798
1366,2385
1366,2413
1366,4277
1367,3227
1368,2316
1368,4576
1368,4616
1369,2372
1369,4158
1371,3537
1373,3829
1376,1803
1376,2751
1376,4864
1377,2455
1377,2894
1377,3949
1379,2173
1380,2077
1382,3721
1382,4157
1383,1651
1385,1631
1385,2153
1385,2978
1386,1647
1388,2673
1388,3409
1389,1447
1389,3292
1389,3676
1390,1695
1390,2294
1392,2452
1393,3062
1393,4303
1394,1557
1394,1926
1394,2497
1396,3863
1400,2657
1400,2966
1402,1539
1402,1691
1403,2555
1404,3050
1404,4206
1404,4572
1406,4324
1410,1735
1410,2367
1410,4412
1410,4653
1412,2031
1412,2466
1412,4664
1413,3499
1413,4494
1414,3528
1414,3862
1414,4042
1416,1468
1416,1679
1416,2412
1416,3228
1416,3380
1416,3481
1416,4390
1420,2394
1420,2563
1420,4732
1421,4981
1422,1892
1422,4589
1423,2687
1423,4269
1424,1496
1424,3082
1424,3122
1424,3382
1426,2543
1426,2590
1426,3597
1426,3876
1426,4048
1429,4658
1430,3444
1430,3535
1430,4811
1435,1702
1435,4033
1435,4794
1436,1515
1437,1681
1438,2293
1438,2837
1439,4568
1441,3057
1441,3803
1441,4328
1444,3804
1446,2224
1447,1970
1447,2423
1448,4758
1449,2259
1449,2604
1449,2875
1449,4329
1451,2779
1451,4904
1453,1991
1454,4899
1455,3139
1455,4320
1455,4506
1455,4596
1456,2569
1457,1822
1457,2925
1457,3072
1460,1493
1460,2233
1460,2573
1460,3059
1461,2473
1463,1657
1463,1953
1468,1679
1468,2366
1468,2382
1468,3228
1468,3481
1468,3819
1468,4788
1469,2030
1469,4773
1469,4822
1469,4965
1470,1801
1471,1594
1471,2632
1471,3061
1471,4186
1472,2340
1474,4849
1475,3677
1475,4330
1475,4656
1476,3993
1477,1884
1477,4841
1480,3675
1480,3813
1481,1501
1481,4316
1481,4959
1482,2696
1483,2058
1483,2225
1483,3948
1484,3004
1484,4455
1486,1655
1486,2159
1488,2318
1488,3634
1489,2811
1492,2617
1494,1688
1496,3356
1498,1915
1500,1847
1501,4316
1501,4835
1503,2351
1504,4099
1507,1754
1508,3850
1509,1818
1509,3121
1509,3731
1511,1516
1511,2692
1512,1966
1512,3919
1513,3618
1513,4163
1513,4486
1513,4964
1514,2927
1517,3810
1517,4019
1518,3953
1518,4181
1519,2658
1519,2661
1519,4688
1520,2193
1520,2918
1520,3571
1520,3961
1523,1824
1523,2652
1523,2770
1523,2846
1523,3837
1524,2078
1524,2081
1524,3142
1524,4635
1524,4816
1524,4920
1526,1608
1527,3096
1527,4771
1528,2331
1528,2469
1528,3206
1528,4675
1529,2513
1529,3562
1529,3903
1529,4342
1529,4704
1533,2179
1534,2190
1538,2874
1539,3116
1541,2130
1541,2315
1545,2199
1545,2790
1549,2080
1549,2873
1549,3165
1550,1893
1550,2016
1550,2465
1550,4459
1551,4306
1552,4831
1553,2266
1553,3073
1553,4175
1554,2691
1556,1718
1558,1642
1558,2436
1558,3085
1558,3174
1558,3631
1558,4697
1560,1976
1560,2786
1560,3720
1560,3779
1561,3818
1562,1582
1562,2495
1562,3009
1562,3782
1562,3783
1562,4458
1564,2401
1564,3155
1564,3216
1564,4185
1564,4707
1566,2336
1567,1811
1567,2713
1567,2812
1567,2910
1567,3140
1567,3179
1567,3381
1567,3738
1567,4165
1567,4359
1567,4569
1567,4630
1567,4979
1568,2275
1571,1819
1571,1888
1573,3288
1575,2015
1577,4203
1577,4372
1577,4530
1580,3441
1581,2020
1581,4054
1581,4669
1582,2495
1583,3465
1584,3132
1584,3548
1585,3639
1585,3909
1588,4249
1589,3556
1589,4120
1591,1717
1594,2632
1594,3061
1595,2814
1596,4336
1599,2137
1599,2511
1600,2273
1600,4989
1602,3955
1603,2441
1603,4574
1605,2476
1605,4422
1607,2005
1609,2689
1609,2780
1609,3327
1610,2044
1610,2071
1613,2009
1613,2547
1613,2951
1613,3563
1613,3686
1613,4483
1616,4941
1618,1683
1618,4967
1620,1680
1620,3128
1620,3253
1623,2257
1623,3394
1623,4338
1626,1946
1626,2625
1628,1932
1628,4640
1629,2146
1629,4974
1631,2153
1631,3056
1632,3230
1633,1939
1633,2181
1634,2451
1635,4501
1638,3466
1639,1937
1641,1914
1642,3631
1642,4697
1644,2247
1644,3540
1645,3744
1647,3930
1648,4406
1649,2064
1649,3396
1651,4527
1653,2389
1653,3186
1653,3664
1654,4620
1655,1747
1655,2056
1655,2159
1655,2317
1655,2825
1655,3067
1655,3199
1655,3520
1655,3608
1655,3838
1658,2308
1658,3263
1659,3131
1659,4538
1660,4227
1660,4546
1664,2109
1664,3020
1664,3276
1665,1764
1665,2456
1665,4481
1665,4632
1665,4652
1665,4976
1668,2524
1668,2799
1668,3851
1668,4883
1669,3422
1669,4267
1670,1952
1671,3293
1676,2591
1676,2620
1676,4679
1679,2366
1679,2382
1679,2412
1679,2827
1680,2474
1686,4073
1687,2110
1687,4526
1689,1850
1689,2671
1689,3471
1689,4891
1692,2646
1694,3858
1694,4026
1694,4571
1694,4674
1695,4284
1696,2100
1696,3074
1696,3234
1698,2290
1698,3027
1699,2211
1699,4130
1700,2281
1700,2493
1700,3487
1700,4768
1701,2866
1701,4174
1702,4033
1704,2073
1706,2416
1706,4083
1707,1720
1707,2461
1707,2557
1707,3681
1708,3077
1708,3319
1708,3546
1709,2997
1709,3266
1709,3456
1711,1901
1711,3146
1713,2356
1713,4975
1714,2165
1714,2410
1718,2037
1720,2557
1721,3594
1723,4021
1723,4066
1724,3044
1724,3346
1725,2739
1726,1829
1726,3017
1729,4068
1730,3110
1730,4230
1730,4251
1731,2533
1732,4074
1733,1831
1733,2362
1733,3841
1733,4415
1736,3756
1739,3643
1739,4676
1741,4593
1742,2014
1742,4520
1744,2839
1745,2468
1745,3828
1745,4279
1747,2825
1750,3083
1750,3196
1750,3578
1750,4729
1753,2808
1754,3321
1754,4160
1755,1765
1755,1980
1756,2810
1756,3719
1757,4826
1759,3633
1760,1793
1760,1807
1760,2670
1760,2881
1760,3680
1760,3888
1760,3973
1760,4673
1761,1794
1761,3530
1762,2734
1763,2288
1763,3255
1764,4632
1764,4652
1764,4767
1766,3348
1769,2349
1769,3588
1769,3861
1769,4005
1770,1867
1770,1881
1772,3373
1772,4177
1775,4894
1778,2200
1778,2501
1779,2647
1781,4184
1782,4049
1782,4737
1785,2841
1786,2838
1786,3653
1786,4727
1787,1796
1787,1823
1787,2026
1787,2107
1787,3849
1787,4988
1789,4097
1790,3539
1792,3479
1793,2670
1795,3791
1798,4386
1799,4022
1801,2075
1802,4007
1803,3483
1804,4613
1805,2765
1806,2198
1806,2253
1806,3164
1811,2161
1811,2607
1811,2713
1811,2937
1811,3738
1811,3938
1813,2564
1816,1836
1816,3402
1816,4339
1817,4897
1820,1965
1822,3072
1822,4171
1822,4802
1822,4996
1823,2026
1823,4988
1824,2652
1824,2770
1824,2846
1825,1841
1825,2319
1826,2348
1827,2861
1828,2623
1833,2596
1833,4103
1835,4318
1836,3947
1837,2138
1838,3213
1838,3534
1838,4595
1838,4752
1839,1978
1839,3089
1842,4104
1844,2089
1848,2490
1848,3446
1848,3970
1850,2671
1850,3325
1850,4891
1853,4133
1854,4764
1856,3965
1856,4063
1856,4112
1858,4198
1859,3490
1859,3984
1860,3877
1860,4070
1860,4323
1861,4614
1862,2694
1865,2057
1865,2404
1868,2486
1868,3075
1868,3494
1869,2536
1869,2865
1870,2332
1873,2496
1873,3777
1875,3630
1877,3750
1878,3218
1881,3425
1881,3536
1881,4237
1881,4242
1881,4295
1881,4901
1885,1988
1885,2323
1885,3303
1885,4933
1886,4370
1886,4431
1887,2272
1889,4343
1893,4723
1894,2454
1895,4728
1898,1992
1898,2371
1898,3282
1899,3998
1899,4825
1902,4828
1904,3920
1906,3304
1906,4919
1908,4113
1909,3024
1909,3899
1909,4377
1911,3370
1913,2405
1913,2686
1918,2409
1918,2535
1918,3212
1919,2186
1921,3208
1921,4770
1924,2707
1926,2877
1928,3442
1929,1977
1930,3334
1930,3543
1930,3809
1934,3503
1934,3981
1935,2593
1935,3529
1938,4432
1940,4869
1943,3552
1944,2001
1944,2754
1945,2083
1945,3064
1945,3698
1946,2625
1946,3011
1946,3745
1947,2101
1948,2419
1948,3006
1950,3055
1951,2901
1953,2487
1954,3251
1954,3342
1954,3377
1954,4270
1956,2836
1957,2050
1957,3766
1957,4513
1957,4686
1957,4832
1957,4973
1958,2154
1960,3151
1962,2529
1962,2903
1965,2801
1967,2744
1967,3595
1969,2411
1969,2521
1969,2940
1969,3347
1969,3485
1971,2442
1971,3022
1976,3720
1979,3054
1979,4761
1981,2445
1981,4824
1982,3584
1984,2498
1985,3390
1985,4296
1986,2942
1987,2013
1987,3063
1987,3299
1989,2147
1989,3060
1989,3451
1989,3892
1989,4564
1990,2084
1990,2904
1990,4863
1991,2537
1992,2371
1995,2260
1995,3168
1995,4132
1999,3049
2000,2042
2000,2373
2000,2570
2000,3726
2002,4807
2003,4055
2008,4578
2009,3686
2010,2261
2010,4950
2014,4520
2016,2465
2016,4459
2018,2338
2019,2551
2019,2655
2020,2241
2020,4669
2022,2142
2022,4663
2024,3211
2025,4766
2025,4943
2026,3849
2027,2236
2027,2989
2027,3119
2028,2034
2028,3291
2029,2884
2031,2466
2032,2392
2032,3544
2032,4912
2040,2111
2044,2071
2045,3663
2045,3843
2048,3224
2049,2636
2051,4539
2052,3427
2054,2753
2054,3827
2055,4441
2056,2196
2056,4433
2058,2225
2058,2286
2060,3033
2062,2278
2062,4650
2063,2919
2063,4531
2064,3396
2065,4823
2069,2274
2070,2088
2070,3975
2070,4440
2076,2656
2076,3058
2078,2081
2078,3142
2078,4920
2080,3165
2081,4635
2082,2343
2082,3099
2082,3335
2082,3856
2082,4262
2083,3217
2084,2904
2085,4146
2086,3376
2091,3016
2091,4683
2092,2172
2092,2433
2092,4299
2093,3691
2095,3460
2095,3660
2096,3337
2097,2184
2098,4096
2102,2312
2103,3602
2105,4034
2108,2155
2108,3773
2109,3020
2111,3632
2112,2406
2112,2506
2113,3971
2113,3986
2113,4002
2114,2283
2116,2322
2117,4170
2118,2716
2118,3891
2118,4046
2119,2195
2119,3071
2119,3636
2119,4598
2120,2568
2120,3963
2121,2418
2123,4757
2124,4570
2125,3917
2127,2402
2128,2840
2131,2678
2134,2444
2134,4611
2135,2321
2136,2588
2136,2745
2136,4694
2142,4862
2146,3068
2146,3728
2148,3021
2148,3104
2149,4857
2151,2608
2152,2643
2154,3522
2157,3184
2158,2813
2158,3823
2159,3199
2161,2304
2161,4100
2162,3097
2163,2325
2163,3313
2165,2341
2169,3129
2169,3778
2171,2191
2173,2422
2174,3498
2175,2377
2175,2702
2175,4797
2176,3462
2176,4641
2177,3258
2180,3538
2180,4505
2182,3551
2182,3883
2182,4848
2182,4900
2184,2546
2184,2981
2186,3662
2187,2472
2189,2890
2189,2956
2189,4624
2189,4966
2192,3515
2193,2918
2193,3571
2195,3071
2196,4433
2196,4485
2197,3046
2198,3126
2198,4290
2206,3000
2207,2217
2207,3689
2208,4253
2211,2238
2211,2447
2211,2618
2212,2262
2213,3417
2215,4884
2227,3145
2230,2879
2232,2328
2232,3573
2232,4533
2232,4741
2232,4882
2236,2989
2237,4796
2242,4121
2243,4018
2243,4463
2243,4565
2244,3925
2247,3540
2248,3939
2249,3780
2251,4011
2253,3668
2253,4150
2254,3419
2255,2587
2255,3365
2255,4874
2257,3394
2257,3839
2257,4338
2257,4689
2259,4329
2260,3868
2260,4132
2263,2575
2265,2415
2265,4106
2265,4490
2266,4175
2267,3262
2268,3956
2269,4031
2273,4989
2275,3931
2275,4557
2279,2653
2279,2714
2279,4363
2280,2650
2282,3185
2282,3989
2282,4860
2283,2457
2283,4213
2288,3255
2289,4666
2292,3247
2295,4334
2295,4472
2298,2986
2299,4246
2300,3532
2300,4136
2301,3355
2301,3426
2301,4115
2304,2748
2307,4998
2309,2376
2310,3915
2313,3443
2316,4293
2317,3067
2317,3608
2317,3747
2317,3838
2320,2880
2320,2944
2320,4276
2327,2832
2327,2975
2327,3715
2328,3225
2331,3890
2333,4592
2337,3969
2341,4062
2341,4421
2342,3801
2342,3972
2342,4211
2345,3449
2347,3411
2347,4509
2352,2855
2352,3793
2354,2398
2354,3069
2354,3098
2355,4346
2355,4877
2356,4975
2358,4665
2363,2479
2364,2931
2366,2827
2366,4788
2367,2984
2367,3412
2369,3937
2372,4158
2372,4358
2374,2548
2378,2379
2380,4274
2381,3615
2383,2417
2383,3200
2383,3244
2383,4250
2390,2654
2392,4912
2393,4156
2399,4925
2401,2955
2401,3216
2401,3559
2401,3649
2401,4307
2409,4229
2411,2940
2411,3038
2411,3324
2413,2619
2413,4277
2413,4731
2413,4786
2414,4179
2414,4552
2414,4710
2415,4106
2415,4490
2420,2848
2420,3645
2427,4389
2429,3343
2429,3958
2429,4200
2430,2963
2430,3045
2439,3724
2440,2525
2442,4092
2444,4611
2445,4824
2447,2618
2448,4701
2450,4890
2451,4567
2452,4868
2452,4881
2453,2633
2453,2663
2453,2794
2453,3407
2453,3428
2453,3651
2453,3906
2456,3682
2456,4619
2456,4756
2456,4936
2457,4213
2459,4219
2462,4631
2462,4660
2467,2649
2468,2862
2474,3391
2474,3880
2474,4517
2475,2581
2475,4387
2477,3781
2484,4193
2485,2553
2486,3075
2486,3494
2487,4706
2488,2773
2488,3871
2489,2772
2489,4118
2489,4712
2490,2682
2490,3446
2492,3964
2495,3009
2495,3782
2495,4790
2502,2961
2502,3797
2504,4391
2505,2960
2507,3326
2507,3612
2507,3733
2510,3332
2514,2922
2514,3103
2514,3521
2517,2527
2517,3574
2519,4283
2522,3916
2522,4929
2529,4457
2530,3424
2531,3130
2532,3221
2536,2574
2538,2987
2542,3598
2543,3685
2544,4321
2545,2763
2545,2826
2547,3563
2547,4152
2554,4924
2556,3881
2557,3681
2559,4782
2565,4119
2565,4910
2566,4354
2567,3725
2567,3796
2574,2979
2582,3034
2585,3147
2587,3106
2587,4040
2587,4410
2588,4694
2589,2759
2589,4427
2590,3876
2594,4361
2597,4256
2600,3900
2601,4435
2602,2718
2603,4069
2603,4164
2604,3996
2605,3433
2606,2844
2607,3043
2609,2934
2609,4875
2612,3013
2613,4395
2613,4409
2620,4679
2625,3745
2627,2680
2632,4186
2635,4847
2636,4814
2636,4865
2646,3789
2649,3763
2650,3267
2652,3837
2653,3770
2662,2892
2662,3423
2662,3525
2662,4499
2663,3651
2670,2881
2672,4473
2674,3191
2674,3232
2676,3357
2679,3665
2683,4344
2684,2752
2684,4010
2684,4077
2685,3333
2688,3127
2689,2780
2693,4263
2693,4827
2695,3457
2696,2868
2697,3988
2697,4465
2699,4470
2700,3590
2700,4454
2700,4935
2701,4060
2703,4716
2704,4325
2707,2728
2707,2822
2707,2828
2707,3094
2707,3439
2707,4215
2712,3581
2713,2812
2713,3381
2713,4907
2714,3911
2715,4487
2720,2735
2720,4413
2720,4466
2724,4887
2725,2749
2726,4612
2728,2822
2728,3134
2728,3410
2728,3439
2728,3968
2728,3974
2730,4496
2732,2764
2732,3510
2732,3541
2732,4781
2733,3570
2735,4928
2740,4719
2743,4551
2744,3167
2744,4154
2746,3807
2746,3865
2746,4972
2747,3712
2750,2941
2750,4223
2757,4051
2759,2820
2764,4781
2766,3642
2766,4743
2772,4118
2776,2995
2784,3273
2784,4384
2785,3350
2790,4341
2797,3564
2802,2899
2804,3825
2804,4803
2806,3739
2806,4244
2807,4806
2808,3081
2808,4145
2811,3434
2812,2910
2813,3575
2820,3086
2820,4493
2822,2828
2822,3094
2822,3134
2822,3410
2822,3968
2822,4215
2823,3035
2823,3214
2824,3133
2825,3520
2825,3757
2829,2917
2833,3492
2834,3943
2838,4727
2840,3912
2841,4876
2842,4518
2854,3331
2854,3992
2857,4815
2858,3245
2859,4753
2860,3605
2862,3866
2869,3220
2870,4426
2871,4207
2873,3833
2873,3928
2874,4703
2875,4004
2877,4376
2882,3695
2885,3708
2885,4582
2887,4692
2890,2956
2890,4624
2891,3229
2894,3949
2895,4347
2896,4866
2900,3918
2905,2928
2906,4453
2909,3453
2910,4165
2910,4569
2911,4461
2914,3235
2914,4845
2916,4247
2919,3053
2919,3170
2920,3039
2920,4197
2921,3644
2921,3723
2921,4095
2921,4805
2924,3306
2930,3531
2930,3669
2930,4317
2932,4489
2932,4963
2933,3787
2934,3270
2934,3910
2935,4294
2936,3696
2938,4357
2940,3324
2941,3001
2945,3430
2945,3613
2948,3683
2950,3488
2950,4888
2953,4212
2955,3649
2958,3250
2958,3824
2961,3797
2965,3461
2968,4029
2969,3889
2970,3047
2972,3378
2974,2976
2975,4085
2977,4275
2984,3412
2986,4240
2994,3869
2994,4216
2998,4128
2998,4523
3001,3794
3004,4455
3006,4114
3009,4790
3012,3516
3014,4793
3025,3554
3031,3579
3036,3354
3036,4705
3039,4147
3039,4502
3045,4190
3051,3706
3052,4312
3057,3803
3057,4328
3058,3384
3062,3806
3062,4738
3069,3098
3072,4171
3074,3234
3076,3990
3076,4192
3077,3319
3079,3323
3086,4493
3087,3816
3092,3999
3092,4327
3095,3452
3097,3240
3099,4414
3101,3171
3104,3158
3106,3305
3106,4040
3110,3555
3111,3705
3112,3193
3112,3497
3112,4366
3114,3513
3114,3932
3117,4615
3118,4711
3119,3187
3120,3366
3121,3731
3122,3382
3126,4290
3130,3295
3136,4830
3138,4871
3139,4596
3144,3459
3147,4735
3148,3316
3148,4332
3151,4039
3153,3328
3156,4408
3164,4852
3173,4696
3176,3345
3176,3628
3176,3629
3176,3854
3179,4630
3181,4153
3182,3236
3183,3977
3185,3989
3186,3664
3188,3751
3190,4041
3191,3232
3191,4178
3192,4507
3192,4726
3193,3497
3193,3508
3193,4479
3200,4250
3201,3688
3201,4424
3208,4770
3211,3491
3213,3914
3213,4590
3213,4844
3219,4818
3223,4080
3226,4282
3228,3380
3232,4178
3240,4428
3251,3377
3251,4270
3252,3887
3259,3929
3262,4394
3270,3910
3270,4720
3271,3749
3272,4879
3277,4225
3277,4450
3295,4627
3297,3857
3297,4685
3303,4064
3304,4919
3309,4587
3310,4162
3311,4043
3314,3329
3316,4332
3321,4160
3326,3612
3331,3992
3331,4292
3336,4271
3340,4086
3340,4289
3341,3741
3343,4200
3345,3629
3353,4740
3354,3473
3355,3762
3355,3946
3355,4297
3359,3718
3365,3736
3369,3496
3373,4177
3380,4390
3381,4907
3383,4581
3386,4549
3387,4082
3391,3506
3391,4517
3393,4649
3394,3839
3394,4689
3395,3997
3402,4339
3408,3558
3411,4176
3418,3776
3424,4122
3425,3536
3425,4237
3425,4295
3425,4364
3428,3906
3430,3613
3434,3624
3440,4058
3440,4662
3441,4800
3444,3535
3445,4930
3450,3942
3453,3952
3453,4268
3462,4921
3463,3842
3466,3991
3474,3476
3478,4908
3480,4350
3495,3831
3497,3508
3499,4494
3506,3872
3507,3905
3508,4479
3509,3647
3509,4561
3513,4668
3520,3757
3522,4087
3522,4999
3524,3730
3524,3860
3525,4499
3525,4801
3526,4084
3526,4195
3527,4661
3531,3669
3532,3566
3534,4595
3535,4811
3536,4242
3536,4364
3539,4637
3543,4050
3551,3883
3551,4848
3551,4855
3566,4076
3569,3656
3569,4385
3569,4990
3570,4808
3571,3961
3576,4305
3582,3614
3582,4618
3582,4838
3589,3832
3589,4265
3590,4935
3591,3760
3608,3747
3609,4337
3609,4583
3609,4938
3614,4618
3615,4169
3618,4163
3618,4486
3627,4789
3635,4452
3636,4598
3639,3909
3641,3960
3641,4584
3641,4772
3648,4255
3650,4448
3654,4514
3656,4990
3667,3870
3667,4248
3667,4281
3670,4508
3670,4744
3673,3699
3673,4209
3674,4194
3674,4392
3677,4330
3677,4656
3682,4442
3684,3848
3693,4110
3693,4799
3696,3752
3696,4126
3699,4138
3699,4209
3699,4783
3701,3945
3706,4362
3710,4992
3713,3817
3713,3846
3713,3873
3713,4536
3716,4199
3721,4157
3738,4359
3755,4101
3760,4401
3761,4541
3761,4645
3762,4053
3766,4513
3766,4606
3766,4686
3768,4098
3783,4417
3787,4944
3792,3878
3792,4495
3802,4035
3804,4902
3812,3897
3812,4182
3817,3846
3819,3894
3819,4792
3820,3864
3822,4349
3824,4310
3825,4803
3830,4648
3832,4265
3833,3928
3835,4602
3835,4671
3835,4739
3836,3994
3836,4000
3843,3926
3846,4536
3851,4883
3855,3978
3856,4262
3858,4674
3866,4488
3868,4402
3875,4467
3876,4048
3877,4323
3877,4791
3883,4855
3883,4900
3884,4474
3891,4046
3894,4445
3894,4873
3897,4734
3899,4107
3903,4342
3914,4590
3914,4844
3916,4929
3927,4760
3952,4268
3959,4045
3965,4112
3986,4002
3991,4945
3992,4292
3998,4825
4017,4659
4017,4853
4022,4351
4022,4749
4024,4238
4025,4903
4026,4571
4035,4522
4040,4410
4049,4737
4058,4662
4066,4917
4072,4777
4075,4693
4086,4289
4093,4500
4095,4805
4095,4994
4105,4986
4107,4400
4110,4464
4125,4956
4128,4523
4135,4872
4142,4525
4149,4471
4151,4577
4152,4528
4158,4358
4159,4906
4159,4931
4167,4639
4171,4802
4179,4552
4187,4460
4188,4503
4199,4713
4209,4783
4216,4220
4218,4273
4223,4672
4225,4450
4258,4393
4259,4628
4263,4827
4272,4798
4286,4918
4300,4516
4320,4506
4323,4791
4333,4610
4337,4938
4356,4939
4360,4544
4365,4419
4382,5001
4396,4982
4414,4651
4439,4562
4443,4733
4443,4856
4443,4940
4451,4687
4491,4558
4491,4997
4504,4817
4509,4535
4513,4606
4513,4832
4513,4973
4519,4667
4519,4691
4539,4858
4566,4677
4569,4979
4588,4682
4594,4629
4594,4680
4619,4936
4631,4660
4667,4691
4671,4739
4678,4784
4703,4813
4733,4856
4798,5000
4802,4996
4805,4994
4833,4960
4868,4881
4889,4932
